2020.0;0.074729376;0.074729376;0.09472938
2021.0;0.08072938;0.078729376;0.100729376
2022.0;0.086729385;0.08272938;0.10672938
2023.0;0.092729375;0.08672938;0.11272938
2024.0;0.09872939;0.09072938;0.11872938
2025.0;0.104729384;0.09472938;0.12472939
2026.0;0.11072938;0.09872938;0.13072939
2027.0;0.116729386;0.10272938;0.13672939
2028.0;0.12272938;0.10672938;0.14272939
2029.0;0.12872939;0.11072938;0.14872938
2030.0;0.13472939;0.114729375;0.15472938
2031.0;0.14072938;0.11972938;0.16272937
2032.0;0.14672938;0.12472938;0.17072938
2033.0;0.15272939;0.12972939;0.17872939
2034.0;0.15872939;0.13472939;0.18672939
2035.0;0.16472939;0.13972938;0.19472939
2036.0;0.17072938;0.14472939;0.20272939
2037.0;0.17672937;0.14972939;0.21072938
2038.0;0.18272938;0.15472938;0.21872939
2039.0;0.18872939;0.15972939;0.22672938
2040.0;0.19472939;0.16472939;0.23472938
2041.0;0.20372938;0.17072937;0.24372937
2042.0;0.21272938;0.17672938;0.2527294
2043.0;0.22172937;0.18272938;0.26172936
2044.0;0.23072939;0.1887294;0.27072936
2045.0;0.23972937;0.19472939;0.27972937
2046.0;0.24872936;0.20072937;0.28872937
2047.0;0.25772938;0.20672938;0.29772937
2048.0;0.26672938;0.21272938;0.30672938
2049.0;0.27572936;0.21872939;0.31572938
2050.0;0.28472936;0.22472939;0.32472938
2051.0;0.29472938;0.23272938;0.33572936
2052.0;0.30472937;0.24072939;0.34672937
2053.0;0.31472936;0.24872936;0.35772938
2054.0;0.32472938;0.25672936;0.36872938
2055.0;0.33472937;0.26472938;0.37972936
2056.0;0.34472936;0.27272937;0.39072937
2057.0;0.35472938;0.28072938;0.40172938
2058.0;0.36472937;0.28872937;0.41272938
2059.0;0.37472934;0.29672936;0.42372936
2060.0;0.38472936;0.30472937;0.43472937
2061.0;0.39772934;0.31472936;0.44772935
2062.0;0.41072938;0.32472938;0.46072936
2063.0;0.42372936;0.33472937;0.47372937
2064.0;0.43672937;0.34472936;0.4867294
2065.0;0.44972938;0.35472938;0.49972937
2066.0;0.46272936;0.36472937;0.51272935
2067.0;0.47572938;0.37472937;0.52572936
2068.0;0.48872936;0.38472936;0.53872937
2069.0;0.50172937;0.39472935;0.5517294
2070.0;0.5147294;0.40472937;0.5647294
2071.0;0.5287294;0.41772935;0.57772934
2072.0;0.5427294;0.43072936;0.59072936
2073.0;0.5567294;0.44372937;0.60372937
2074.0;0.5707294;0.45672938;0.6167294
2075.0;0.5847294;0.46972936;0.6297294
2076.0;0.5987294;0.48272938;0.64272934
2077.0;0.6127294;0.49572936;0.65572935
2078.0;0.62672937;0.5087294;0.66872936
2079.0;0.64072937;0.52172935;0.6817294
2080.0;0.65472937;0.53472936;0.6947294
2081.0;0.6707294;0.5557294;0.71072936
2082.0;0.6867294;0.57672936;0.7267294
2083.0;0.70272934;0.5977294;0.74272937
2084.0;0.7187294;0.61872935;0.7587294
2085.0;0.73472935;0.6397294;0.7747294
2086.0;0.7507294;0.66072935;0.79072934
2087.0;0.76672935;0.6817294;0.8067294
2088.0;0.7827294;0.70272934;0.82272935
2089.0;0.79872936;0.7237294;0.8387294
2090.0;0.8147294;0.7447294;0.85472935
2091.0;0.8327294;0.7697294;0.8697294
2092.0;0.85072935;0.79472935;0.8847294
2093.0;0.86872935;0.8197294;0.8997294
2094.0;0.88672936;0.84472936;0.91472936
2095.0;0.90472937;0.8697294;0.92972934
2096.0;0.9227294;0.8947294;0.9447294
2097.0;0.9407294;0.91972935;0.9597294
2098.0;0.9587294;0.9447294;0.97472936
2099.0;0.9767294;0.96972936;0.98972934
2100.0;0.9947294;0.9947294;1.0047294
2101.0;1.0127294;1.0097294;1.0367293
2102.0;1.0307294;1.0247294;1.0687294
2103.0;1.0487294;1.0397294;1.1007293
2104.0;1.0667294;1.0547293;1.1327295
2105.0;1.0847293;1.0697293;1.1647294
2106.0;1.1027293;1.0847293;1.1967294
2107.0;1.1207293;1.0997294;1.2287294
2108.0;1.1387293;1.1147294;1.2607296
2109.0;1.1567292;1.1297293;1.2927293
2110.0;1.1747293;1.1447294;1.3247293
2111.0;1.1927292;1.1587292;1.3637292
2112.0;1.2107294;1.1727294;1.4027295
2113.0;1.2287294;1.1867293;1.4417294
2114.0;1.2467295;1.2007295;1.4807295
2115.0;1.2647294;1.2147294;1.5197294
2116.0;1.2827294;1.2287294;1.5587294
2117.0;1.3007294;1.2427294;1.5977293
2118.0;1.3187295;1.2567295;1.6367295
2119.0;1.3367293;1.2707293;1.6757293
2120.0;1.3547294;1.2847294;1.7147294
2121.0;1.3727293;1.2987293;1.7627293
2122.0;1.3907295;1.3127295;1.8107295
2123.0;1.4087293;1.3267294;1.8587295
2124.0;1.4267294;1.3407295;1.9067295
2125.0;1.4447293;1.3547294;1.9547294
2126.0;1.4627293;1.3687294;2.0027294
2127.0;1.4807293;1.3827294;2.0507295
2128.0;1.4987295;1.3967295;2.0987296
2129.0;1.5167294;1.4107293;2.1467295
2130.0;1.5347294;1.4247293;2.1947296
2131.0;1.5527292;1.4377292;2.2527294
2132.0;1.5707295;1.4507295;2.3107295
2133.0;1.5887294;1.4637294;2.3687296
2134.0;1.6067295;1.4767295;2.4267294
2135.0;1.6247294;1.4897294;2.4847295
2136.0;1.6427294;1.5027294;2.5427294
2137.0;1.6607294;1.5157294;2.6007295
2138.0;1.6787295;1.5287294;2.6587296
2139.0;1.6967294;1.5417293;2.7167294
2140.0;1.7147294;1.5547293;2.7747295
2141.0;1.7317293;1.5677292;2.8417294
2142.0;1.7487295;1.5807295;2.9087296
2143.0;1.7657294;1.5937294;2.9757295
2144.0;1.7827295;1.6067295;3.0427294
2145.0;1.7997293;1.6197294;3.1097295
2146.0;1.8167294;1.6327294;3.1767294
2147.0;1.8337294;1.6457294;3.2437296
2148.0;1.8507295;1.6587294;3.3107295
2149.0;1.8677294;1.6717293;3.3777294
2150.0;1.8847294;1.6847293;3.4447296
