2020.0;0.06472938;0.05472938;0.074729376
2021.0;0.067729376;0.057729382;0.077729374
2022.0;0.070729375;0.060729377;0.08072938
2023.0;0.07372938;0.063729376;0.08372938
2024.0;0.07672938;0.06672938;0.08672938
2025.0;0.07972938;0.06972938;0.089729376
2026.0;0.08272938;0.07272938;0.092729375
2027.0;0.085729375;0.07572938;0.09572938
2028.0;0.088729374;0.078729376;0.09872938
2029.0;0.09172938;0.081729375;0.10172938
2030.0;0.09472938;0.08472938;0.10472938
2031.0;0.09772938;0.08772938;0.107729375
2032.0;0.100729376;0.09072938;0.11072938
2033.0;0.103729375;0.09372938;0.11372938
2034.0;0.10672938;0.096729375;0.116729386
2035.0;0.10972938;0.099729374;0.119729385
2036.0;0.112729385;0.10272939;0.12272938
2037.0;0.11572938;0.10572938;0.12572938
2038.0;0.118729375;0.10872938;0.12872939
2039.0;0.12172938;0.111729376;0.13172938
2040.0;0.12472938;0.114729375;0.13472939
2041.0;0.12772937;0.11772938;0.13872938
2042.0;0.13072938;0.12072938;0.14272939
2043.0;0.13372937;0.12372938;0.14672938
2044.0;0.13672939;0.12672938;0.15072939
2045.0;0.13972938;0.12972939;0.15472938
2046.0;0.14272937;0.13272937;0.15872939
2047.0;0.1457294;0.13572939;0.16272938
2048.0;0.14872938;0.13872938;0.16672939
2049.0;0.15172939;0.14172938;0.17072938
2050.0;0.15472938;0.14472939;0.17472939
2051.0;0.15772937;0.14772937;0.17672937
2052.0;0.16072938;0.15072939;0.17872939
2053.0;0.16372938;0.15372938;0.18072939
2054.0;0.16672939;0.15672939;0.1827294
2055.0;0.16972938;0.15972939;0.18472938
2056.0;0.17272939;0.16272938;0.18672939
2057.0;0.17572936;0.16572939;0.18872939
2058.0;0.17872939;0.16872938;0.19072938
2059.0;0.18172939;0.17172939;0.19272938
2060.0;0.18472938;0.17472939;0.19472939
2061.0;0.18772937;0.17772937;0.19772936
2062.0;0.19072938;0.18072939;0.20072939
2063.0;0.19372937;0.18372938;0.20372938
2064.0;0.1967294;0.1867294;0.2067294
2065.0;0.19972938;0.18972939;0.20972939
2066.0;0.20272937;0.19272938;0.21272936
2067.0;0.20572938;0.19572939;0.21572939
2068.0;0.20872939;0.19872938;0.21872939
2069.0;0.21172939;0.20172939;0.22172938
2070.0;0.21472938;0.20472938;0.22472939
2071.0;0.21772937;0.20772937;0.22772937
2072.0;0.22072938;0.21072939;0.23072939
2073.0;0.22372937;0.21372937;0.23372938
2074.0;0.22672938;0.2167294;0.23672938
2075.0;0.22972938;0.21972938;0.23972939
2076.0;0.23272938;0.22272937;0.24272937
2077.0;0.23572937;0.22572939;0.24572937
2078.0;0.23872939;0.22872938;0.24872938
2079.0;0.24172938;0.23172939;0.2517294
2080.0;0.24472938;0.23472938;0.2547294
2081.0;0.24772938;0.23772937;0.25672936
2082.0;0.25072938;0.24072939;0.25872937
2083.0;0.25372937;0.24372937;0.26072937
2084.0;0.25672936;0.24672937;0.26272938
2085.0;0.25972936;0.24972937;0.26472938
2086.0;0.26272938;0.25272936;0.26672938
2087.0;0.26572937;0.25572938;0.26872936
2088.0;0.26872936;0.25872937;0.27072936
2089.0;0.27172938;0.26172936;0.27272937
2090.0;0.27472937;0.26472938;0.27472937
2091.0;0.27672938;0.26772937;0.27772936
2092.0;0.27872938;0.27072936;0.28072938
2093.0;0.28072938;0.27372938;0.28372937
2094.0;0.28272936;0.27672938;0.28672937
2095.0;0.28472936;0.27972937;0.28972936
2096.0;0.28672937;0.28272936;0.29272938
2097.0;0.28872937;0.28572938;0.29572937
2098.0;0.29072937;0.28872937;0.29872936
2099.0;0.29272938;0.29172936;0.30172938
2100.0;0.29472938;0.29472938;0.30472937
2101.0;0.29772937;0.29672936;0.30772936
2102.0;0.30072936;0.29872936;0.31072938
2103.0;0.30372936;0.30072936;0.31372938
2104.0;0.30672938;0.30272937;0.31672937
2105.0;0.30972937;0.30472937;0.31972936
2106.0;0.31272936;0.30672938;0.32272938
2107.0;0.31572938;0.30872938;0.32572937
2108.0;0.31872937;0.31072938;0.32872936
2109.0;0.32172936;0.31272936;0.33172938
2110.0;0.32472938;0.31472936;0.33472937
2111.0;0.32772937;0.31772938;0.33772936
2112.0;0.33072937;0.32072937;0.34072936
2113.0;0.33372936;0.32372937;0.34372938
2114.0;0.33672938;0.32672936;0.34672937
2115.0;0.33972937;0.32972938;0.34972936
2116.0;0.34272936;0.33272937;0.35272938
2117.0;0.34572938;0.33572936;0.35572937
2118.0;0.34872937;0.33872938;0.35872936
2119.0;0.35172936;0.34172937;0.36172938
2120.0;0.35472938;0.34472936;0.36472937
2121.0;0.35672936;0.34572938;0.36772937
2122.0;0.35872936;0.34672937;0.37072936
2123.0;0.36072937;0.34772938;0.37372938
2124.0;0.36272937;0.34872937;0.37672937
2125.0;0.36472937;0.34972936;0.37972936
2126.0;0.36672938;0.35072938;0.38272938
2127.0;0.36872938;0.35172936;0.38572937
2128.0;0.37072936;0.35272938;0.38872936
2129.0;0.37272936;0.35372937;0.39172938
2130.0;0.37472937;0.35472938;0.39472938
2131.0;0.37672937;0.35672936;0.39672935
2132.0;0.37872937;0.35872936;0.39872938
2133.0;0.38072938;0.36072937;0.40072936
2134.0;0.38272938;0.36272937;0.40272936
2135.0;0.38472936;0.36472937;0.40472937
2136.0;0.38672936;0.36672938;0.40672937
2137.0;0.38872936;0.36872938;0.40872937
2138.0;0.39072937;0.37072936;0.41072938
2139.0;0.39272937;0.37272936;0.41272938
2140.0;0.39472938;0.37472937;0.41472936
2141.0;0.39672935;0.37672937;0.41772935
2142.0;0.39872938;0.37872937;0.42072937
2143.0;0.40072936;0.38072938;0.42372936
2144.0;0.40272936;0.38272938;0.42672938
2145.0;0.40472937;0.38472936;0.42972937
2146.0;0.40672937;0.38672936;0.43272936
2147.0;0.40872937;0.38872936;0.43572938
2148.0;0.41072938;0.39072937;0.43872938
2149.0;0.41272938;0.39272937;0.44172937
2150.0;0.41472936;0.39472938;0.44472936
