2020.0;0.074729376;0.06472938;0.074729376
2021.0;0.078729376;0.067729376;0.07972938
2022.0;0.08272938;0.070729375;0.08472938
2023.0;0.08672938;0.07372938;0.089729376
2024.0;0.09072938;0.07672938;0.09472938
2025.0;0.09472938;0.07972938;0.099729374
2026.0;0.09872938;0.08272938;0.10472938
2027.0;0.10272938;0.085729375;0.10972938
2028.0;0.10672938;0.088729374;0.114729375
2029.0;0.11072938;0.09172938;0.11972938
2030.0;0.114729375;0.09472938;0.12472938
2031.0;0.118729375;0.09872938;0.12972938
2032.0;0.122729376;0.10272938;0.13472937
2033.0;0.12672938;0.10672938;0.13972938
2034.0;0.13072939;0.11072939;0.14472939
2035.0;0.13472939;0.11472938;0.14972939
2036.0;0.13872936;0.11872938;0.15472938
2037.0;0.14272939;0.12272938;0.15972939
2038.0;0.14672938;0.12672938;0.16472939
2039.0;0.15072939;0.13072939;0.16972938
2040.0;0.15472938;0.13472939;0.17472939
2041.0;0.15972938;0.13972938;0.18072937
2042.0;0.16472939;0.14472939;0.18672939
2043.0;0.16972938;0.14972939;0.19272938
2044.0;0.17472939;0.15472938;0.1987294
2045.0;0.17972939;0.15972939;0.20472938
2046.0;0.18472938;0.16472939;0.21072938
2047.0;0.18972936;0.16972937;0.21672939
2048.0;0.19472939;0.17472939;0.22272938
2049.0;0.19972938;0.17972939;0.22872938
2050.0;0.20472938;0.18472938;0.23472938
2051.0;0.20972937;0.18972936;0.23972937
2052.0;0.21472938;0.19472939;0.24472938
2053.0;0.21972936;0.19972937;0.24972937
2054.0;0.2247294;0.20472941;0.25472936
2055.0;0.22972938;0.20972939;0.25972936
2056.0;0.23472936;0.21472937;0.26472938
2057.0;0.23972939;0.21972938;0.26972938
2058.0;0.24472938;0.22472939;0.27472937
2059.0;0.24972938;0.22972938;0.27972937
2060.0;0.2547294;0.23472938;0.28472936
2061.0;0.26072937;0.24072938;0.28972936
2062.0;0.26672938;0.24672939;0.29472938
2063.0;0.27272937;0.25272936;0.29972938
2064.0;0.27872938;0.25872937;0.30472937
2065.0;0.28472936;0.26472938;0.30972937
2066.0;0.29072937;0.27072936;0.31472936
2067.0;0.29672936;0.27672938;0.31972936
2068.0;0.30272937;0.28272936;0.32472938
2069.0;0.30872938;0.28872937;0.32972938
2070.0;0.31472936;0.29472938;0.33472937
2071.0;0.32072937;0.30072936;0.34072936
2072.0;0.32672936;0.30672938;0.34672937
2073.0;0.33272937;0.31272936;0.35272938
2074.0;0.33872938;0.31872937;0.35872936
2075.0;0.34472936;0.32472938;0.36472937
2076.0;0.35072938;0.33072937;0.37072936
2077.0;0.35672936;0.33672938;0.37672937
2078.0;0.36272937;0.34272936;0.38272938
2079.0;0.36872938;0.34872937;0.38872936
2080.0;0.37472937;0.35472938;0.39472938
2081.0;0.38072938;0.36172938;0.39972934
2082.0;0.38672936;0.36872938;0.40472937
2083.0;0.39272937;0.37572938;0.40972936
2084.0;0.39872938;0.38272938;0.41472936
2085.0;0.40472937;0.38972938;0.41972938
2086.0;0.41072938;0.39672938;0.42472938
2087.0;0.41672936;0.40372938;0.42972937
2088.0;0.42272937;0.41072938;0.43472937
2089.0;0.42872936;0.41772938;0.43972936
2090.0;0.43472937;0.42472938;0.44472936
2091.0;0.44072935;0.43172935;0.45072934
2092.0;0.44672936;0.43872938;0.45672938
2093.0;0.45272937;0.44572937;0.46272936
2094.0;0.4587294;0.45272937;0.4687294
2095.0;0.46472937;0.45972937;0.47472936
2096.0;0.47072938;0.46672937;0.48072937
2097.0;0.47672936;0.47372937;0.48672938
2098.0;0.48272938;0.48072937;0.49272937
2099.0;0.48872936;0.48772937;0.49872938
2100.0;0.49472937;0.49472937;0.5047294
2101.0;0.50172937;0.5007293;0.51172936
2102.0;0.5087294;0.50672936;0.5187294
2103.0;0.51572937;0.51272935;0.52572936
2104.0;0.5227294;0.5187294;0.5327294
2105.0;0.52972937;0.5247294;0.53972936
2106.0;0.5367294;0.53072935;0.5467294
2107.0;0.54372936;0.5367294;0.55372936
2108.0;0.5507294;0.5427294;0.5607294
2109.0;0.55772936;0.54872936;0.56772935
2110.0;0.5647294;0.55472934;0.5747294
2111.0;0.5707294;0.5597294;0.5827294
2112.0;0.57672936;0.5647294;0.59072936
2113.0;0.5827294;0.5697294;0.5987294
2114.0;0.5887294;0.5747294;0.6067294
2115.0;0.59472936;0.5797294;0.61472934
2116.0;0.60072935;0.5847294;0.62272936
2117.0;0.6067294;0.58972937;0.6307294
2118.0;0.6127294;0.59472936;0.6387294
2119.0;0.61872935;0.59972936;0.64672935
2120.0;0.6247294;0.60472935;0.65472937
2121.0;0.6307294;0.60972935;0.6627294
2122.0;0.63672936;0.61472934;0.6707294
2123.0;0.64272934;0.6197294;0.67872936
2124.0;0.6487294;0.6247294;0.6867294
2125.0;0.65472937;0.6297294;0.6947294
2126.0;0.66072935;0.6347294;0.70272934
2127.0;0.6667294;0.6397294;0.71072936
2128.0;0.6727294;0.6447294;0.7187294
2129.0;0.67872936;0.6497294;0.7267294
2130.0;0.6847294;0.65472937;0.73472935
2131.0;0.69172937;0.6587294;0.74272937
2132.0;0.6987294;0.6627294;0.7507294
2133.0;0.70572937;0.6667294;0.7587294
2134.0;0.7127294;0.6707294;0.76672935
2135.0;0.71972936;0.67472935;0.7747294
2136.0;0.7267294;0.67872936;0.7827294
2137.0;0.73372936;0.68272936;0.79072934
2138.0;0.7407294;0.6867294;0.79872936
2139.0;0.74772936;0.6907294;0.8067294
2140.0;0.7547294;0.6947294;0.8147294
2141.0;0.7607294;0.6997294;0.8237294
2142.0;0.76672935;0.7047294;0.8327294
2143.0;0.7727294;0.7097294;0.84172934
2144.0;0.7787294;0.71472937;0.85072935
2145.0;0.78472936;0.71972936;0.85972935
2146.0;0.79072934;0.72472936;0.86872935
2147.0;0.7967294;0.72972935;0.87772936
2148.0;0.80272937;0.73472935;0.88672936
2149.0;0.80872935;0.73972934;0.89572936
2150.0;0.8147294;0.7447294;0.90472937
