2020.0;0.08472938;0.074729376;0.10472938
2021.0;0.09072938;0.078729376;0.114729375
2022.0;0.096729375;0.08272938;0.12472938
2023.0;0.10272938;0.08672938;0.13472939
2024.0;0.108729385;0.09072938;0.14472939
2025.0;0.11472938;0.09472938;0.15472938
2026.0;0.12072939;0.09872938;0.16472939
2027.0;0.12672938;0.10272938;0.17472938
2028.0;0.13272938;0.10672938;0.18472938
2029.0;0.13872938;0.11072938;0.19472939
2030.0;0.14472939;0.114729375;0.20472938
2031.0;0.15372936;0.12172938;0.21672937
2032.0;0.16272938;0.12872937;0.22872938
2033.0;0.17172939;0.13572939;0.24072938
2034.0;0.18072939;0.14272939;0.2527294
2035.0;0.18972939;0.14972939;0.26472938
2036.0;0.19872938;0.15672939;0.27672938
2037.0;0.20772937;0.16372937;0.28872937
2038.0;0.21672939;0.17072938;0.30072936
2039.0;0.22572939;0.17772938;0.31272936
2040.0;0.23472938;0.18472938;0.32472938
2041.0;0.24872936;0.19372937;0.33872938
2042.0;0.26272938;0.20272939;0.35272938
2043.0;0.27672938;0.21172938;0.36672938
2044.0;0.29072937;0.22072938;0.38072938
2045.0;0.30472937;0.22972937;0.39472938
2046.0;0.31872937;0.23872937;0.40872937
2047.0;0.33272937;0.24772939;0.42272937
2048.0;0.34672937;0.25672936;0.43672937
2049.0;0.36072937;0.26572937;0.45072937
2050.0;0.37472937;0.27472937;0.46472937
2051.0;0.39172938;0.28872937;0.48272935
2052.0;0.40872937;0.30272937;0.5007294
2053.0;0.42572936;0.31672937;0.5187294
2054.0;0.44272938;0.33072937;0.5367294
2055.0;0.45972937;0.34472936;0.55472934
2056.0;0.47672936;0.35872936;0.57272935
2057.0;0.49372938;0.37272936;0.59072936
2058.0;0.5107294;0.38672936;0.60872936
2059.0;0.5277294;0.40072933;0.62672937
2060.0;0.54472935;0.41472936;0.6447294
2061.0;0.5647294;0.43572932;0.66472936
2062.0;0.5847294;0.45672938;0.6847294
2063.0;0.60472935;0.47772938;0.7047294
2064.0;0.6247294;0.49872938;0.72472936
2065.0;0.6447294;0.5197294;0.7447294
2066.0;0.66472936;0.54072934;0.7647294
2067.0;0.6847294;0.5617294;0.78472936
2068.0;0.7047294;0.5827294;0.80472934
2069.0;0.72472936;0.60372937;0.8247294
2070.0;0.7447294;0.6247294;0.84472936
2071.0;0.76772934;0.65072936;0.8657294
2072.0;0.79072934;0.6767294;0.88672936
2073.0;0.81372935;0.70272934;0.9077294
2074.0;0.83672935;0.72872937;0.92872936
2075.0;0.85972935;0.7547294;0.9497294
2076.0;0.88272935;0.78072935;0.97072935
2077.0;0.90572935;0.8067294;0.9917294
2078.0;0.92872936;0.8327294;1.0127294
2079.0;0.95172936;0.85872936;1.0337293
2080.0;0.97472936;0.8847294;1.0547293
2081.0;1.0007293;0.91372937;1.0777293
2082.0;1.0267293;0.94272935;1.1007293
2083.0;1.0527294;0.9717294;1.1237293
2084.0;1.0787294;1.0007293;1.1467295
2085.0;1.1047294;1.0297294;1.1697294
2086.0;1.1307293;1.0587294;1.1927294
2087.0;1.1567293;1.0877293;1.2157294
2088.0;1.1827294;1.1167294;1.2387295
2089.0;1.2087293;1.1457293;1.2617292
2090.0;1.2347294;1.1747293;1.2847294
2091.0;1.2607292;1.2057292;1.3077292
2092.0;1.2867293;1.2367294;1.3307295
2093.0;1.3127294;1.2677294;1.3537294
2094.0;1.3387295;1.2987295;1.3767295
2095.0;1.3647294;1.3297293;1.3997294
2096.0;1.3907294;1.3607293;1.4227294
2097.0;1.4167293;1.3917294;1.4457294
2098.0;1.4427295;1.4227295;1.4687295
2099.0;1.4687294;1.4537293;1.4917293
2100.0;1.4947294;1.4847294;1.5147294
2101.0;1.5207293;1.5067292;1.5477293
2102.0;1.5467294;1.5287294;1.5807295
2103.0;1.5727293;1.5507294;1.6137294
2104.0;1.5987295;1.5727295;1.6467295
2105.0;1.6247294;1.5947294;1.6797293
2106.0;1.6507294;1.6167294;1.7127293
2107.0;1.6767293;1.6387293;1.7457293
2108.0;1.7027295;1.6607295;1.7787294
2109.0;1.7287294;1.6827294;1.8117293
2110.0;1.7547294;1.7047293;1.8447294
2111.0;1.7797292;1.7227292;1.8807292
2112.0;1.8047295;1.7407295;1.9167295
2113.0;1.8297293;1.7587293;1.9527295
2114.0;1.8547295;1.7767295;1.9887295
2115.0;1.8797294;1.7947294;2.0247295
2116.0;1.9047294;1.8127294;2.0607295
2117.0;1.9297293;1.8307294;2.0967295
2118.0;1.9547294;1.8487295;2.1327295
2119.0;1.9797294;1.8667294;2.1687295
2120.0;2.0047293;1.8847294;2.2047296
2121.0;2.0287292;1.9007293;2.2427294
2122.0;2.0527296;1.9167295;2.2807295
2123.0;2.0767295;1.9327294;2.3187294
2124.0;2.1007295;1.9487295;2.3567295
2125.0;2.1247294;1.9647294;2.3947294
2126.0;2.1487296;1.9807293;2.4327295
2127.0;2.1727295;1.9967294;2.4707296
2128.0;2.1967294;2.0127294;2.5087295
2129.0;2.2207296;2.0287294;2.5467296
2130.0;2.2447295;2.0447295;2.5847294
2131.0;2.2677295;2.0597293;2.6247294
2132.0;2.2907295;2.0747294;2.6647296
2133.0;2.3137295;2.0897295;2.7047296
2134.0;2.3367295;2.1047294;2.7447295
2135.0;2.3597295;2.1197295;2.7847295
2136.0;2.3827295;2.1347294;2.8247294
2137.0;2.4057295;2.1497295;2.8647294
2138.0;2.4287295;2.1647296;2.9047296
2139.0;2.4517295;2.1797295;2.9447296
2140.0;2.4747295;2.1947296;2.9847295
2141.0;2.4957294;2.2087295;3.0227294
2142.0;2.5167296;2.2227294;3.0607295
2143.0;2.5377295;2.2367294;3.0987296
2144.0;2.5587294;2.2507296;3.1367295
2145.0;2.5797296;2.2647295;3.1747296
2146.0;2.6007295;2.2787294;3.2127295
2147.0;2.6217294;2.2927294;3.2507296
2148.0;2.6427295;2.3067296;3.2887294
2149.0;2.6637294;2.3207295;3.3267295
2150.0;2.6847296;2.3347294;3.3647294
