2020.0;0.12935315;0.10055375;0.1580231
2021.0;0.13716272;0.106594324;0.16794059
2022.0;0.14497231;0.11263489;0.17785805
2023.0;0.15278187;0.11867546;0.18777552
2024.0;0.16059147;0.124716036;0.197693
2025.0;0.16840103;0.13075659;0.20761047
2026.0;0.1762106;0.13679716;0.21752796
2027.0;0.18402018;0.14283773;0.22744542
2028.0;0.19182977;0.1488783;0.2373629
2029.0;0.19963934;0.15491886;0.24728036
2030.0;0.20744891;0.16095944;0.25719786
2031.0;0.21637063;0.16801824;0.26853314
2032.0;0.22529235;0.17507702;0.27986848
2033.0;0.23421407;0.1821358;0.29120377
2034.0;0.24313581;0.1891946;0.30253908
2035.0;0.25205752;0.19625339;0.3138744
2036.0;0.2609792;0.20331217;0.3252097
2037.0;0.26990095;0.21037097;0.33654505
2038.0;0.27882266;0.21742974;0.34788033
2039.0;0.28774437;0.22448854;0.35921565
2040.0;0.29666612;0.23154733;0.37055096
2041.0;0.30664906;0.23973602;0.38286665
2042.0;0.31663203;0.24792472;0.39518237
2043.0;0.32661498;0.2561134;0.40749812
2044.0;0.33659792;0.2643021;0.41981378
2045.0;0.34658086;0.27249077;0.43212947
2046.0;0.35656384;0.28067946;0.4444452
2047.0;0.3665468;0.28886816;0.45676088
2048.0;0.37652975;0.29705685;0.4690766
2049.0;0.38651273;0.30524555;0.4813923
2050.0;0.39649567;0.31343424;0.493708
2051.0;0.40774444;0.32293615;0.5072013
2052.0;0.41899323;0.3324381;0.52069455
2053.0;0.430242;0.34194005;0.53418785
2054.0;0.44149077;0.35144198;0.5476812
2055.0;0.4527395;0.3609439;0.56117445
2056.0;0.46398827;0.37044585;0.57466775
2057.0;0.47523707;0.37994778;0.58816105
2058.0;0.48648584;0.38944972;0.60165435
2059.0;0.49773458;0.39895165;0.6151476
2060.0;0.5089834;0.40845358;0.62864095
2061.0;0.5222149;0.41938442;0.6442334
2062.0;0.5354465;0.43031532;0.659826
2063.0;0.54867804;0.44124615;0.6754185
2064.0;0.5619097;0.452177;0.69101113
2065.0;0.5751412;0.46310785;0.70660365
2066.0;0.58837277;0.4740387;0.72219616
2067.0;0.6016043;0.48496953;0.7377887
2068.0;0.61483586;0.4959004;0.75338125
2069.0;0.62806743;0.5068312;0.76897377
2070.0;0.64129895;0.51776206;0.7845663
2071.0;0.65703535;0.53105175;0.80221665
2072.0;0.6727718;0.5443415;0.81986713
2073.0;0.68850815;0.55763113;0.83751756
2074.0;0.70424455;0.5709209;0.855168
2075.0;0.71998096;0.5842106;0.8728184
2076.0;0.7357173;0.5975003;0.8904689
2077.0;0.75145376;0.61078995;0.90811926
2078.0;0.7671901;0.6240797;0.9257697
2079.0;0.7829265;0.63736945;0.9434202
2080.0;0.7986629;0.65065914;0.96107054
2081.0;0.81812066;0.6674608;0.9810569
2082.0;0.8375785;0.6842625;1.0010434
2083.0;0.85703623;0.7010642;1.0210298
2084.0;0.876494;0.7178659;1.0410162
2085.0;0.8959518;0.7346676;1.0610027
2086.0;0.9154096;0.7514693;1.080989
2087.0;0.9348674;0.76827097;1.1009755
2088.0;0.9543252;0.7850727;1.1209618
2089.0;0.97378296;0.8018744;1.1409483
2090.0;0.9932407;0.8186761;1.1609347
2091.0;1.015277;0.83532965;1.1854669
2092.0;1.0373132;0.8519832;1.2099992
2093.0;1.0593495;0.8686368;1.2345315
2094.0;1.0813857;0.8852903;1.2590637
2095.0;1.103422;0.9019439;1.2835959
2096.0;1.1254582;0.9185975;1.3081281
2097.0;1.1474946;0.93525106;1.3326604
2098.0;1.1695307;0.9519046;1.3571926
2099.0;1.1915671;0.9685582;1.381725
2100.0;1.2136033;0.98521173;1.4062572
2101.0;1.2378124;1.0012366;1.4378234
2102.0;1.2620217;1.0172613;1.4693896
2103.0;1.2862307;1.0332861;1.5009558
2104.0;1.31044;1.0493109;1.532522
2105.0;1.3346492;1.0653358;1.5640881
2106.0;1.3588582;1.0813603;1.5956542
2107.0;1.3830674;1.0973853;1.6272206
2108.0;1.4072766;1.11341;1.6587868
2109.0;1.4314858;1.1294348;1.6903529
2110.0;1.4556949;1.1454597;1.7219191
2111.0;1.4783542;1.1601679;1.7632829
2112.0;1.5010138;1.1748766;1.8046466
2113.0;1.523673;1.1895851;1.8460102
2114.0;1.5463325;1.2042935;1.887374
2115.0;1.5689919;1.219002;1.9287378
2116.0;1.5916513;1.2337104;1.9701015
2117.0;1.6143107;1.2484189;2.011465
2118.0;1.6369702;1.2631274;2.052829
2119.0;1.6596296;1.277836;2.0941927
2120.0;1.6822889;1.2925445;2.1355565
2121.0;1.7025737;1.3064181;2.189706
2122.0;1.7228583;1.320292;2.243856
2123.0;1.7431431;1.3341658;2.2980053
2124.0;1.7634277;1.3480395;2.3521552
2125.0;1.7837123;1.3619133;2.4063048
2126.0;1.8039969;1.3757871;2.4604547
2127.0;1.8242817;1.3896608;2.5146043
2128.0;1.8445662;1.4035347;2.5687542
2129.0;1.864851;1.4174085;2.6229038
2130.0;1.8851357;1.4312823;2.6770535
2131.0;1.903993;1.4441911;2.7432857
2132.0;1.9228506;1.4571002;2.809518
2133.0;1.941708;1.470009;2.87575
2134.0;1.9605654;1.482918;2.9419825
2135.0;1.9794228;1.4958268;3.0082147
2136.0;1.9982803;1.5087358;3.0744467
2137.0;2.0171378;1.5216445;3.1406791
2138.0;2.035995;1.5345536;3.2069113
2139.0;2.0548525;1.5474623;3.2731433
2140.0;2.07371;1.5603713;3.3393757
2141.0;2.092425;1.5726677;3.418182
2142.0;2.1111405;1.5849645;3.4969885
2143.0;2.1298554;1.597261;3.5757947
2144.0;2.1485708;1.6095576;3.654601
2145.0;2.1672857;1.621854;3.7334073
2146.0;2.186001;1.6341506;3.8122137
2147.0;2.204716;1.6464472;3.89102
2148.0;2.2234313;1.6587436;3.9698262
2149.0;2.2421465;1.6710403;4.0486326
2150.0;2.2608616;1.6833367;4.127439
