2020.0;0.11692383;0.089712836;0.14560358
2021.0;0.12355232;0.09440856;0.15426347
2022.0;0.13018082;0.09910427;0.16292338
2023.0;0.1368093;0.103799984;0.17158328
2024.0;0.1434378;0.1084957;0.1802432
2025.0;0.1500663;0.1131914;0.18890308
2026.0;0.1566948;0.117887124;0.19756298
2027.0;0.16332328;0.12258284;0.20622288
2028.0;0.16995178;0.12727855;0.21488278
2029.0;0.17658028;0.13197428;0.22354268
2030.0;0.18320876;0.13666998;0.23220257
2031.0;0.18993443;0.14205407;0.2404042
2032.0;0.19666012;0.14743815;0.24860585
2033.0;0.20338577;0.15282224;0.25680748
2034.0;0.21011145;0.15820631;0.2650091
2035.0;0.21683711;0.16359039;0.27321076
2036.0;0.22356278;0.16897449;0.28141236
2037.0;0.23028845;0.17435855;0.28961402
2038.0;0.23701411;0.17974265;0.29781565
2039.0;0.24373978;0.18512672;0.30601728
2040.0;0.25046545;0.19051081;0.3142189
2041.0;0.25683147;0.19557218;0.3220633
2042.0;0.26319754;0.2006336;0.32990772
2043.0;0.2695636;0.20569499;0.33775213
2044.0;0.27592963;0.21075639;0.34559652
2045.0;0.28229564;0.21581778;0.3534409
2046.0;0.2886617;0.22087918;0.36128533
2047.0;0.29502773;0.22594057;0.36912975
2048.0;0.30139378;0.23100197;0.37697417
2049.0;0.3077598;0.23606336;0.38481858
2050.0;0.31412587;0.24112475;0.39266297
2051.0;0.32003966;0.24597116;0.3999575
2052.0;0.32595348;0.25081757;0.40725204
2053.0;0.3318673;0.255664;0.4145466
2054.0;0.33778113;0.2605104;0.42184114
2055.0;0.34369496;0.2653568;0.42913568
2056.0;0.34960878;0.2702032;0.43643025
2057.0;0.35552257;0.27504963;0.44372475
2058.0;0.3614364;0.27989605;0.45101932
2059.0;0.36735022;0.28474247;0.45831385
2060.0;0.37326404;0.28958887;0.4656084
2061.0;0.37856835;0.2939865;0.47193557
2062.0;0.3838727;0.29838416;0.47826278
2063.0;0.389177;0.30278182;0.48458996
2064.0;0.39448133;0.30717948;0.49091718
2065.0;0.39978564;0.3115771;0.49724436
2066.0;0.40508997;0.3159748;0.5035715
2067.0;0.41039428;0.32037243;0.5098987
2068.0;0.41569862;0.3247701;0.51622593
2069.0;0.42100292;0.32916772;0.5225531
2070.0;0.42630726;0.33356535;0.5288803
2071.0;0.43087426;0.33713293;0.5346577
2072.0;0.43544134;0.34070054;0.54043514
2073.0;0.44000837;0.34426808;0.54621255
2074.0;0.44457543;0.3478357;0.55198985
2075.0;0.44914246;0.35140327;0.5577673
2076.0;0.4537095;0.3549708;0.5635447
2077.0;0.45827654;0.3585384;0.56932205
2078.0;0.46284357;0.362106;0.5750994
2079.0;0.46741062;0.3656735;0.5808768
2080.0;0.47197765;0.36924112;0.58665425
2081.0;0.47642186;0.37254974;0.59251493
2082.0;0.48086613;0.37585843;0.5983758
2083.0;0.48531038;0.37916705;0.60423654
2084.0;0.48975462;0.3824757;0.6100973
2085.0;0.49419883;0.38578433;0.6159581
2086.0;0.49864304;0.38909295;0.62181884
2087.0;0.5030873;0.3924016;0.6276796
2088.0;0.5075315;0.39571026;0.6335404
2089.0;0.51197577;0.3990189;0.63940114
2090.0;0.51642;0.40232754;0.6452619
2091.0;0.5216419;0.40579763;0.6526908
2092.0;0.52686375;0.40926772;0.66011983
2093.0;0.5320857;0.41273782;0.6675487
2094.0;0.5373076;0.4162079;0.67497766
2095.0;0.5425295;0.419678;0.6824066
2096.0;0.5477514;0.42314813;0.68983555
2097.0;0.55297333;0.4266182;0.69726455
2098.0;0.5581952;0.43008828;0.70469344
2099.0;0.56341714;0.43355837;0.7121224
2100.0;0.56863904;0.43702847;0.7195513
2101.0;0.57372797;0.44070476;0.7263979
2102.0;0.57881695;0.44438103;0.7332445
2103.0;0.5839059;0.44805735;0.7400911
2104.0;0.58899486;0.45173365;0.7469377
2105.0;0.5940838;0.4554099;0.7537843
2106.0;0.5991727;0.45908624;0.76063085
2107.0;0.6042617;0.4627625;0.76747745
2108.0;0.6093506;0.4664388;0.77432406
2109.0;0.61443955;0.4701151;0.7811706
2110.0;0.6195286;0.4737914;0.7880172
2111.0;0.6245007;0.47736323;0.7948725
2112.0;0.6294728;0.4809351;0.80172783
2113.0;0.6344449;0.48450693;0.80858314
2114.0;0.63941705;0.4880788;0.81543845
2115.0;0.64438915;0.49165064;0.82229376
2116.0;0.64936125;0.49522248;0.82914907
2117.0;0.65433335;0.49879435;0.8360043
2118.0;0.65930545;0.5023662;0.84285975
2119.0;0.6642776;0.50593805;0.84971505
2120.0;0.6692497;0.50950986;0.8565703
2121.0;0.67409056;0.5128742;0.8633093
2122.0;0.6789315;0.5162385;0.8700484
2123.0;0.6837723;0.5196028;0.87678736
2124.0;0.6886132;0.5229671;0.88352644
2125.0;0.693454;0.5263314;0.89026546
2126.0;0.69829494;0.52969575;0.8970045
2127.0;0.7031358;0.5330601;0.9037435
2128.0;0.70797664;0.53642434;0.9104825
2129.0;0.7128175;0.53978866;0.91722155
2130.0;0.7176584;0.5431529;0.92396057
2131.0;0.7224378;0.54644734;0.9306758
2132.0;0.7272173;0.54974174;0.9373909
2133.0;0.73199683;0.5530362;0.9441061
2134.0;0.7367763;0.5563306;0.9508213
2135.0;0.74155575;0.559625;0.9575365
2136.0;0.7463352;0.56291944;0.9642516
2137.0;0.75111467;0.5662138;0.9709668
2138.0;0.7558942;0.56950825;0.977682
2139.0;0.7606736;0.5728026;0.9843972
2140.0;0.76545304;0.5760971;0.99111235
2141.0;0.77019995;0.5793274;0.99779654
2142.0;0.774947;0.58255786;1.0044807
2143.0;0.77969384;0.58578825;1.0111649
2144.0;0.7844408;0.5890187;1.0178491
2145.0;0.7891877;0.59224916;1.0245333
2146.0;0.7939347;0.5954795;1.0312176
2147.0;0.79868156;0.59870994;1.0379016
2148.0;0.8034285;0.6019404;1.0445858
2149.0;0.8081755;0.6051708;1.05127
2150.0;0.81292236;0.6084012;1.0579542
