1994.0;-0.035336513
1995.0;-0.009045082
1996.0;-0.017064841
1997.0;-0.01546954
1998.0;0.012693378
1999.0;0.025812048
2000.0;0.01980999
2001.0;0.0027525863
2002.0;0.012222456
2003.0;0.013445949
2004.0;0.008124058
2005.0;0.02548525
2006.0;0.0072569866
2007.0;0.010405193
2008.0;0.035644706
2009.0;0.043893863
2010.0;0.044875037
2011.0;0.0351474
2012.0;0.06211087
2013.0;0.058895834
2014.0;0.06382703
2015.0;0.066790774
2016.0;0.098765336
2017.0;0.08762738
2018.0;0.0858018
2019.0;0.11797665
2020.0;0.121593356
