 Hurrell PC-Based North Atlantic Oscillation Index (Monthly)
1899  -0.05  -0.72  -1.08  -0.41  -0.60   0.14   0.21  -0.60   0.48   0.21   0.62  -1.10
1900   0.33  -2.56  -1.37   0.54   0.04  -0.24  -0.38  -0.20   0.71   0.16   0.11   0.77
1901   0.27  -2.07  -0.45   0.30  -0.49   0.41  -0.05   0.14  -0.09   0.34  -0.92  -0.43
1902   0.27  -2.40  -0.20  -0.82   0.06  -1.31  -0.58  -0.65  -0.56   0.22  -0.22   0.38
1903   0.24   2.21   2.18  -0.52   0.25  -1.31  -0.49  -0.08  -0.30  -0.57   0.64  -0.21
1904   0.88   0.07   0.08   1.64   0.49  -0.09  -0.21  -0.35  -0.08   0.44  -0.26  -0.17
1905   0.88   1.13   1.14  -0.86   0.63  -0.05   0.07  -0.13   0.09  -0.77  -0.00   0.91
1906   1.02   0.64   0.30   0.87  -0.95  -0.56   0.35  -0.62   0.01   0.55  -0.96   0.38
1907   0.62   1.05   1.71  -0.01  -1.07  -0.17  -1.11  -0.03   0.09  -0.23   0.50  -0.13
1908   0.75   0.72   0.74  -0.54   0.42   0.15  -0.21  -0.14   0.18  -0.16   0.01   0.36
1909   0.58  -0.34  -2.34   0.22  -1.17  -0.48   0.59   0.47  -0.54  -0.03  -0.65  -1.65
1910   1.03   1.50   0.90  -0.43   0.08  -0.37  -0.45  -0.66  -0.07  -0.09  -2.40  -0.39
1911   0.83   0.90   0.36   0.18   0.89  -0.03  -0.31  -0.19   0.25  -0.26   0.45   0.44
1912  -0.81  -1.57   0.92   0.80   0.59  -0.31  -0.43  -0.58  -0.83   0.32   0.65   1.60
1913   0.53   0.74   2.85   0.84   0.18   0.71  -0.17   0.14  -0.46  -0.48   1.65   0.52
1914  -0.20   1.06   0.23   1.42   1.47   0.78  -0.35   0.05  -0.11   0.15   0.33   0.77
1915  -0.60  -0.35  -2.23   1.32  -0.86  -0.78  -0.35  -0.69  -1.07  -0.57  -1.84  -1.64
1916   1.78   1.02  -2.02  -0.21  -0.57  -0.54   0.28  -0.07  -0.34   1.01  -0.11  -2.25
1917  -1.47   0.01  -0.52  -1.08  -1.09   0.34  -0.36  -0.21   0.91   0.50   0.74  -0.70
1918  -2.17   2.02   0.50  -0.31   0.47   0.64  -0.99   0.10   0.24   0.35  -0.03   0.09
1919  -0.63  -2.16  -0.49   0.50  -0.19   1.09  -0.04   0.69   0.48  -0.75  -1.19   1.05
1920   1.28   1.18   2.52  -1.04   0.51  -0.06   0.97   0.14  -0.02  -0.66   1.08  -1.07
1921   0.90   0.35   2.33   0.14   0.67   0.22   0.02   0.20   0.08   0.25  -0.53   1.26
1922  -0.42   1.37   0.28  -0.43   0.68   1.11   0.34   0.19   0.04  -1.37  -0.06   0.88
1923   0.77  -0.10   0.11  -0.08  -0.12   0.51   0.53  -0.21   0.56   0.96  -0.16   0.43
1924   0.45  -0.75  -2.41  -1.03  -0.06  -0.20   0.38   0.25   0.42   0.05   0.30   1.54
1925   1.51   1.17  -0.39   0.75   0.08   0.37   0.04   0.17   0.25  -0.42  -0.88  -1.29
1926   0.09  -0.01   0.37   0.38  -0.95  -0.59   0.17  -0.00   0.13  -1.17   0.48  -0.31
1927   1.12   0.30   0.82   0.48  -0.42   0.03   0.01  -0.06  -0.60  -0.75   0.36  -2.06
1928   2.14   1.78  -0.69   0.16  -0.89  -0.63   0.61  -0.26  -0.02   0.49   0.47   0.44
1929  -2.24  -0.51   0.27  -0.73   0.42  -0.23   0.11   0.01   0.46   0.87   0.40   1.40
1930   1.19  -0.15  -0.43  -0.63   0.42   0.56  -0.29  -0.40  -1.30   0.09   0.89   0.37
1931  -0.41   0.22  -2.46   0.27  -0.34  -0.39   0.06  -0.38  -0.51  -0.01   0.81   0.46
1932   1.30  -1.25  -1.38  -0.16  -0.59  -0.47  -0.31   0.30   0.15   0.24   0.61   1.06
1933   0.80  -1.44  -0.35  -0.64  -0.31   0.05   0.41   0.67  -0.56  -0.62  -0.14  -0.19
1934   1.60   1.27   0.95  -0.67   1.11  -0.68  -0.24   0.21   0.05   0.34  -0.00  -0.92
1935  -0.04   1.73  -0.25  -1.16  -0.82   0.05   0.79   0.18  -0.37   1.31   0.40  -1.54
1936  -2.00  -2.27  -1.09  -0.08   0.03   0.25  -0.16   0.45  -0.49   1.02   0.97   1.66
1937   0.66  -0.53  -1.96  -0.04   0.53   0.54  -0.15   0.42   0.49  -0.06  -0.99  -1.24
1938   0.92   0.22   1.69   0.46   0.12   0.89   0.47   0.28   0.44   1.36   1.15  -0.38
1939  -1.34   1.55   0.11  -0.04   0.05  -0.13  -0.31   0.01  -1.10  -0.43   0.44  -1.14
1940  -3.05  -1.82  -1.66  -0.49  -0.38   0.24  -0.12   0.73   0.26  -0.60   0.69   0.27
1941  -2.35  -1.53  -1.19  -0.57   0.23   0.43   0.50  -0.20  -0.39  -0.17  -0.30   0.51
1942   0.13  -3.06  -1.67  -0.27   0.27  -0.36   0.34   0.37   0.76   0.23  -0.39   0.31
1943  -0.95   2.26   0.81   2.25   0.59   0.02   0.04  -1.17   0.14  -0.16   0.11   1.02
1944   1.48  -0.27  -0.48  -0.30   0.87  -0.13  -0.77   0.35   0.46   0.63  -0.90   0.24
1945  -2.72   1.05   0.70  -0.21  -0.06  -0.29  -0.21   0.26   0.09  -0.17  -1.28  -1.63
1946   0.94  -0.37  -0.07   1.10  -0.69   0.81   0.83   0.08   0.36  -0.62  -0.46   0.28
1947   0.07  -5.07  -1.91   2.41   0.06  -0.12   0.64   0.14   1.09   0.25  -1.98  -1.61
1948  -0.15   0.57   2.20   0.64  -0.20  -0.41  -0.33   0.01   0.15   1.03   0.16  -0.15
1949   1.24   2.46  -0.03   1.29  -0.29  -0.41  -0.19   0.12  -0.41   0.64  -0.25   0.55
1950  -0.06   0.85   0.57   0.53  -0.35   0.56  -0.62  -0.09   0.84   0.42  -0.66  -1.44
1951   0.25   0.14  -2.31  -0.55  -0.68  -0.88   0.46   0.09  -0.38   0.27  -0.19   1.95
1952   0.84  -1.33  -2.44   0.72  -1.20   0.16   0.48   0.02  -0.36  -0.30  -1.18  -1.33
1953  -0.00   0.17   0.59  -1.24  -0.38   0.10   0.51   0.33   0.26   0.85   1.69   1.12
1954  -0.14   0.44  -0.21   0.53  -1.26   0.28   0.27  -0.30   0.38   1.08   0.96   1.08
1955  -2.61  -2.00  -1.56  -0.18   0.09  -0.39   0.72   0.58   0.79  -0.56  -1.96  -0.79
1956  -1.50  -1.90   0.36  -0.99   2.16   0.34  -0.56  -0.41  -0.35   0.99   0.66   1.18
1957   2.03  -1.15  -1.86   0.35  -0.50  -0.62  -0.66   0.42  -0.68   1.87  -0.79   0.62
1958  -0.85  -1.95  -3.16   0.21   0.05  -0.97  -0.54  -0.97  -0.30   0.63   0.35  -1.03
1959  -2.22   2.47   1.13   0.07  -0.19   0.19   0.46  -0.37   0.07   0.47  -0.40   0.00
1960  -2.37  -2.83  -1.61   0.15  -0.43   0.10  -0.12  -0.84  -0.04  -1.75  -0.30   0.70
1961  -0.07   1.17   0.79  -1.05   0.23   1.48   0.06   0.84   0.73   0.35  -0.54  -2.46
1962   1.90   0.27  -3.87   0.70  -0.12   0.37  -1.08   0.42  -0.10   0.44  -0.53  -0.31
1963  -3.02  -1.71   0.28  -1.09   1.55  -0.53  -0.41  -0.12   0.75   1.18  -0.90  -1.38
1964   0.07  -0.73  -0.98   0.35   0.66   0.40   1.21  -1.06  -0.00   0.52  -0.13   0.01
1965  -0.50  -2.01  -0.94   0.70  -0.56   0.46  -0.16   0.22  -0.15   0.22  -1.70  -0.21
1966  -3.73  -2.08  -0.25  -1.48   0.65   0.47   0.39  -0.94   0.11  -1.57   0.21  -0.04
1967  -1.44   1.53   2.27   0.62  -0.32   1.29   0.27   0.38   0.36   1.19   0.72  -0.92
1968  -0.31  -1.54   1.47  -0.28  -0.70   0.31  -0.64  -0.37  -1.21  -1.49  -1.56  -1.43
1969  -3.28  -2.83  -2.19   0.56  -0.40  -0.06   0.46  -0.72   0.52   0.81   0.30  -0.86
1970  -2.54   0.20  -1.21  -0.21   0.63   0.80   0.43  -0.25   0.18  -0.15  -0.28  -1.00
1971  -1.13   0.35  -1.11  -0.95   0.68  -0.89  -0.24   1.05  -0.07   0.51  -0.09   0.54
1972   0.29  -0.10   0.45   0.12   0.60   0.69  -0.13   0.40  -0.57   0.15   0.45   1.59
1973   0.85   1.30   0.86  -1.18  -0.06   0.62   0.22   0.28  -0.06  -0.43  -0.58   0.12
1974   1.75  -0.01   0.11   0.19  -0.65  -0.25   0.56  -0.06   0.52  -0.28  -0.10   1.18
1975   1.36   0.34  -0.30  -0.21  -0.56  -0.26   0.77  -0.11   1.20  -0.37   0.39   0.88
1976   0.50   1.91   1.58   0.12   0.53   0.46  -0.27   0.63  -1.00  -0.45   0.37  -1.42
1977  -2.46  -1.25  -0.12   0.84  -0.21  -0.17  -0.17  -0.78   0.03   0.43   0.95  -0.66
1978   0.72  -3.53   1.42  -1.43   0.27   0.65  -0.50   0.01   0.12   0.88   2.43  -2.36
1979  -2.35  -1.32   0.78  -1.28  -0.02   0.78   0.37   0.10   0.46  -0.67   0.56   1.18
1980  -1.66   0.20  -0.73   0.34  -1.15   0.23  -0.59  -0.71   0.54  -0.66  -1.41   1.05
1981   0.54   0.86  -1.79  -0.05   0.15  -0.34   0.60   0.31  -0.92  -0.57   0.13  -2.17
1982  -1.40   1.12   1.84   0.93  -0.04  -1.16   0.43   0.55   0.57  -0.14   1.94   1.93
1983   2.53  -1.11   0.76  -1.00  -0.38   0.59   0.32   0.95  -0.35   1.40  -1.22   0.59
1984   2.05   0.71  -1.71  -0.34   0.44   0.22   0.15   0.65  -0.03   0.58  -0.39   1.27
1985  -2.66  -1.32  -0.08   0.18  -0.53  -0.48   0.14   0.14  -0.21   0.80  -1.23  -0.94
1986   0.99  -2.81   3.04  -0.62   0.60   0.56   0.13  -0.72  -0.49   2.20   1.59   1.32
1987  -1.51  -1.50  -0.99   0.93   0.31  -0.54  -0.07  -0.81  -0.08   0.09   0.18  -1.28
1988   0.49   0.18  -0.11  -1.39  -0.12   0.37  -0.02   0.42   0.21  -0.20  -0.25   1.28
1989   2.66   3.13   2.08  -0.29   0.91   0.02   0.68   0.70   0.82   0.73  -0.26  -0.84
1990   2.06   3.17   3.04   1.90  -0.17   0.31   0.00   0.45   0.10   0.13  -0.65   1.59
1991   1.37   0.47  -0.84   0.31   0.63  -0.13  -0.21   1.05   0.23  -0.53   0.74   1.50
1992   1.13   1.95   1.70   0.29   0.74  -0.30   0.07   0.65  -0.20  -0.95   1.77   1.21
1993   3.08   1.04   1.17   0.15  -1.52  -0.54  -0.54  -0.20  -0.53  -1.13   1.32   0.84
1994   0.54  -0.66   2.40   0.77  -0.21   1.58   0.56   0.33  -0.51  -0.76   0.46   1.33
1995   0.46   1.89   0.71  -1.04  -0.79  -0.06  -0.03   0.10  -0.21  -0.39  -1.24  -2.40
1996  -1.33  -0.05  -1.21  -0.93  -0.50   0.50   0.73   0.08  -0.91   0.11   0.38  -2.14
1997  -0.54   3.05   2.00  -0.30  -0.49  -1.03  -0.13   0.30   0.21  -1.20  -1.13  -0.50
1998  -1.00   0.52   0.54  -0.44   0.30  -0.93   0.04   0.63  -1.90   0.42  -0.49   1.48
1999   0.69   1.04  -0.92  -0.33   0.42   1.02   0.03  -0.42  -0.23  -0.07   0.96   1.02
2000   1.13   2.84   0.27  -0.61   0.80   0.26  -0.57   0.31   0.45   0.91  -1.08  -1.48
2001  -0.27  -0.33  -1.95   0.49   0.14  -0.30  -0.14   0.57  -0.85   0.60   1.22  -1.54
2002   1.24   1.42   0.76   0.52   0.36   0.61   0.46  -0.22  -0.83  -1.44  -0.58  -1.36
2003  -0.11   0.91   1.07  -0.53   0.77  -0.08  -0.19  -0.23   0.28  -0.57   0.27  -0.13
2004  -1.21  -0.47   0.83   0.41   0.28  -0.22   0.40  -0.47   0.68  -1.01  -0.07   1.93
2005   1.44  -0.73  -1.78  -0.12  -0.36  -0.19   0.08   0.39   0.14  -0.80   0.44  -0.66
2006   0.57  -1.16  -2.35   0.83  -0.43   0.92   0.35  -0.56  -0.33  -1.87   0.79   2.19
2007   1.56  -1.26   1.73   0.29   0.85  -0.91  -0.24  -0.09   0.05   0.37  -0.10   1.12
2008   0.82   1.47   0.46  -1.27  -1.31  -0.72  -0.43  -0.01   0.08   1.21   0.17   0.56
2009   0.58  -1.05   0.22   0.43   1.49  -1.24  -1.03  -0.05   0.99  -1.42   0.42  -3.00
2010  -2.11  -3.98  -0.78  -0.79  -0.73  -0.29   0.10  -0.66  -0.78  -0.58  -1.63  -3.60
2011  -1.36   1.14   0.97   2.33   0.14  -1.15  -0.43  -0.96   0.80   0.54   1.07   2.61
2012   0.79   0.98   1.28  -0.31  -0.35  -1.15  -0.10  -0.43   0.58  -1.63   0.07  -1.55
2013   0.04  -0.99  -4.14   0.26   0.46   0.59   0.12   0.79  -0.29  -0.50   1.12   1.86
2014  -0.09   1.04   1.34   0.28  -0.14  -0.58  -0.24  -0.52   0.17  -0.69  -0.28   1.42
2015   2.01   1.28   2.30   0.84   1.23   0.18  -1.22  -0.43  -0.52   0.01   1.57   1.73
2016  -0.36   1.32   0.96  -0.66   0.14  -0.24  -0.36   0.05   0.64  -1.04  -0.10   1.42
2017   0.18   0.45   1.00  -0.01  -1.08   0.25   0.61   0.18  -0.20   0.64  -0.38   0.41
2018   0.67   0.53  -2.32   0.45   1.71   0.41   0.60   0.88   0.45   0.44  -1.20   0.10
2019  -0.41   0.34   2.32  -0.20  -1.22  -0.92  -0.93  -0.56   0.07  -0.93  -1.00   0.40
2020   2.03   3.05   1.14  -0.17   0.39  -0.35  -0.08  -0.09   0.63  -0.29   1.88  -0.90
2021  -2.53  -0.82   1.26  -1.37  -0.28   0.72   0.22  -999.  -999.  -999.  -999.  -999.
