2020.0;0.13524112;0.10591001;0.1942991
2021.0;0.14512636;0.11209236;0.21201149
2022.0;0.15501161;0.11827471;0.2297239
2023.0;0.16489685;0.12445706;0.2474363
2024.0;0.1747821;0.1306394;0.26514867
2025.0;0.18466735;0.13682175;0.28286108
2026.0;0.19455259;0.1430041;0.3005735
2027.0;0.20443784;0.14918645;0.31828588
2028.0;0.21432307;0.1553688;0.3359983
2029.0;0.22420831;0.16155115;0.35371065
2030.0;0.23409356;0.16773349;0.37142307
2031.0;0.2472125;0.1770763;0.39422372
2032.0;0.26033142;0.1864191;0.41702434
2033.0;0.27345037;0.1957619;0.439825
2034.0;0.2865693;0.20510471;0.46262568
2035.0;0.29968822;0.2144475;0.48542628
2036.0;0.3128072;0.22379029;0.50822693
2037.0;0.3259261;0.2331331;0.5310276
2038.0;0.33904505;0.2424759;0.55382824
2039.0;0.35216397;0.2518187;0.57662886
2040.0;0.3652829;0.2611615;0.5994295
2041.0;0.38146594;0.27469435;0.62560123
2042.0;0.397649;0.28822723;0.6517731
2043.0;0.41383207;0.3017601;0.6779449
2044.0;0.43001515;0.31529295;0.7041167
2045.0;0.44619817;0.3288258;0.73028845
2046.0;0.4623812;0.34235868;0.75646025
2047.0;0.47856423;0.35589153;0.782632
2048.0;0.4947473;0.3694244;0.80880386
2049.0;0.5109303;0.38295728;0.83497566
2050.0;0.5271134;0.39649016;0.8611474
2051.0;0.5492603;0.41436085;0.88888115
2052.0;0.5714072;0.43223152;0.91661495
2053.0;0.59355414;0.4501022;0.94434863
2054.0;0.6157011;0.4679729;0.9720825
2055.0;0.63784796;0.48584357;0.9998162
2056.0;0.6599949;0.5037143;1.02755
2057.0;0.6821418;0.521585;1.0552837
2058.0;0.7042887;0.53945565;1.0830175
2059.0;0.7264356;0.5573264;1.1107513
2060.0;0.74858254;0.57519704;1.138485
2061.0;0.77685064;0.597705;1.1704246
2062.0;0.80511886;0.62021303;1.2023641
2063.0;0.83338696;0.64272106;1.2343037
2064.0;0.8616552;0.6652291;1.2662433
2065.0;0.8899232;0.68773705;1.2981828
2066.0;0.9181914;0.71024513;1.3301225
2067.0;0.9464595;0.73275304;1.362062
2068.0;0.9747277;0.7552611;1.3940016
2069.0;1.0029957;0.7777691;1.4259411
2070.0;1.031264;0.8002771;1.4578807
2071.0;1.0639081;0.8245166;1.4919574
2072.0;1.0965523;0.8487561;1.5260341
2073.0;1.1291963;0.8729956;1.5601107
2074.0;1.1618406;0.8972351;1.5941875
2075.0;1.1944846;0.9214746;1.6282642
2076.0;1.2271287;0.945714;1.6623409
2077.0;1.2597729;0.9699535;1.6964175
2078.0;1.2924172;0.9941931;1.7304941
2079.0;1.3250613;1.0184325;1.7645708
2080.0;1.3577054;1.042672;1.7986474
2081.0;1.3932474;1.0710682;1.8375688
2082.0;1.4287893;1.0994643;1.8764899
2083.0;1.4643312;1.1278604;1.9154111
2084.0;1.499873;1.1562566;1.9543322
2085.0;1.535415;1.1846528;1.9932536
2086.0;1.5709571;1.2130489;2.0321748
2087.0;1.606499;1.2414451;2.071096
2088.0;1.6420407;1.2698413;2.110017
2089.0;1.6775827;1.2982374;2.1489384
2090.0;1.7131246;1.3266336;2.1878595
2091.0;1.750198;1.35824;2.233246
2092.0;1.7872715;1.3898466;2.2786329
2093.0;1.8243448;1.4214529;2.3240192
2094.0;1.8614182;1.4530594;2.369406
2095.0;1.8984915;1.4846658;2.4147925
2096.0;1.935565;1.5162722;2.460179
2097.0;1.9726381;1.5478787;2.5055656
2098.0;2.0097117;1.5794852;2.5509522
2099.0;2.046785;1.6110915;2.5963387
2100.0;2.0838585;1.6426982;2.6417253
