2020.0;0.13524112;0.0983948;0.19399728
2021.0;0.14497744;0.104693055;0.2101687
2022.0;0.15471376;0.1109913;0.22634012
2023.0;0.1644501;0.11728955;0.24251154
2024.0;0.17418642;0.1235878;0.258683
2025.0;0.18392272;0.12988605;0.27485436
2026.0;0.19365905;0.13618429;0.29102582
2027.0;0.20339537;0.14248255;0.3071972
2028.0;0.2131317;0.1487808;0.32336864
2029.0;0.22286801;0.15507904;0.33954003
2030.0;0.23260434;0.1613773;0.3557115
2031.0;0.24415101;0.1702733;0.37625542
2032.0;0.25569773;0.17916931;0.39679942
2033.0;0.2672444;0.1880653;0.41734338
2034.0;0.27879107;0.19696133;0.43788734
2035.0;0.29033777;0.20585734;0.4584313
2036.0;0.30188447;0.21475333;0.47897527
2037.0;0.3134311;0.22364935;0.49951923
2038.0;0.32497782;0.23254535;0.52006316
2039.0;0.3365245;0.24144137;0.54060715
2040.0;0.34807116;0.25033736;0.56115115
2041.0;0.36163643;0.26189014;0.5838597
2042.0;0.37520176;0.27344286;0.6065682
2043.0;0.38876703;0.28499565;0.6292769
2044.0;0.40233234;0.29654837;0.65198535
2045.0;0.41589758;0.30810115;0.67469394
2046.0;0.42946288;0.31965387;0.69740254
2047.0;0.44302818;0.3312066;0.7201111
2048.0;0.45659345;0.34275937;0.74281967
2049.0;0.47015876;0.35431212;0.7655282
2050.0;0.48372403;0.36586487;0.78823674
2051.0;0.5002328;0.37916481;0.8116234
2052.0;0.5167415;0.3924648;0.8350101
2053.0;0.5332503;0.4057647;0.8583968
2054.0;0.54975903;0.4190647;0.8817835
2055.0;0.5662678;0.4323646;0.90517014
2056.0;0.5827765;0.44566455;0.9285568
2057.0;0.5992853;0.4589645;0.95194346
2058.0;0.615794;0.4722645;0.9753302
2059.0;0.63230276;0.4855644;0.99871683
2060.0;0.64881146;0.49886438;1.0221035
2061.0;0.66890305;0.5142398;1.0458176
2062.0;0.6889947;0.5296153;1.0695316
2063.0;0.7090863;0.5449907;1.0932457
2064.0;0.7291779;0.5603662;1.1169597
2065.0;0.74926955;0.5757417;1.1406739
2066.0;0.7693611;0.59111714;1.1643878
2067.0;0.7894527;0.6064926;1.1881019
2068.0;0.8095443;0.621868;1.211816
2069.0;0.8296359;0.6372435;1.2355299
2070.0;0.8497275;0.65261894;1.259244
2071.0;0.87242967;0.67000425;1.2836678
2072.0;0.89513195;0.6873896;1.3080916
2073.0;0.9178341;0.7047749;1.3325156
2074.0;0.9405364;0.7221603;1.3569394
2075.0;0.96323854;0.7395456;1.3813633
2076.0;0.98594075;0.7569309;1.4057871
2077.0;1.0086429;0.7743163;1.4302108
2078.0;1.0313451;0.7917016;1.4546348
2079.0;1.0540472;0.8090869;1.4790586
2080.0;1.0767496;0.8264722;1.5034825
2081.0;1.1034214;0.84553164;1.5319704
2082.0;1.1300935;0.864591;1.5604585
2083.0;1.1567656;0.88365036;1.5889463
2084.0;1.1834377;0.90270984;1.6174344
2085.0;1.2101096;0.92176914;1.6459224
2086.0;1.2367817;0.94082856;1.6744103
2087.0;1.2634537;0.9598879;1.7028984
2088.0;1.2901257;0.97894734;1.7313862
2089.0;1.3167977;0.9980067;1.7598742
2090.0;1.3434699;1.0170661;1.7883623
2091.0;1.370476;1.0356587;1.8187127
2092.0;1.3974822;1.0542513;1.8490634
2093.0;1.4244883;1.072844;1.8794138
2094.0;1.4514945;1.0914366;1.9097644
2095.0;1.4785005;1.1100293;1.9401149
2096.0;1.5055066;1.1286218;1.9704653
2097.0;1.5325128;1.1472145;2.0008159
2098.0;1.559519;1.1658071;2.0311666
2099.0;1.5865252;1.1843997;2.0615168
2100.0;1.6135312;1.2029924;2.0918674
