2020.0;0.13524112;0.10528346;0.19555148
2021.0;0.14295205;0.11027342;0.20765142
2022.0;0.150663;0.11526339;0.2197514
2023.0;0.15837397;0.120253354;0.23185137
2024.0;0.1660849;0.12524332;0.24395132
2025.0;0.17379583;0.13023327;0.25605127
2026.0;0.18150677;0.13522325;0.26815125
2027.0;0.18921773;0.1402132;0.2802512
2028.0;0.19692867;0.14520317;0.29235116
2029.0;0.2046396;0.15019314;0.3044511
2030.0;0.21235056;0.1551831;0.3165511
2031.0;0.22010648;0.16115966;0.32768863
2032.0;0.22786243;0.16713624;0.33882618
2033.0;0.23561835;0.1731128;0.34996375
2034.0;0.24337429;0.17908935;0.3611013
2035.0;0.2511302;0.18506593;0.37223884
2036.0;0.25888613;0.19104248;0.38337636
2037.0;0.26664206;0.19701904;0.3945139
2038.0;0.274398;0.2029956;0.40565145
2039.0;0.2821539;0.20897217;0.416789
2040.0;0.28990984;0.21494873;0.42792654
2041.0;0.29711962;0.22073728;0.43815336
2042.0;0.3043294;0.22652581;0.4483802
2043.0;0.31153917;0.23231438;0.458607
2044.0;0.31874898;0.23810293;0.4688338
2045.0;0.32595873;0.24389146;0.47906062
2046.0;0.33316854;0.24968003;0.4892874
2047.0;0.3403783;0.25546855;0.49951422
2048.0;0.3475881;0.2612571;0.509741
2049.0;0.35479787;0.26704565;0.51996785
2050.0;0.36200765;0.2728342;0.53019464
2051.0;0.3683126;0.2781212;0.5393003
2052.0;0.37461755;0.28340828;0.548406
2053.0;0.3809225;0.2886953;0.55751157
2054.0;0.38722745;0.29398236;0.5666173
2055.0;0.39353237;0.2992694;0.5757229
2056.0;0.39983734;0.30455643;0.5848286
2057.0;0.40614226;0.30984348;0.59393424
2058.0;0.4124472;0.31513053;0.6030399
2059.0;0.41875216;0.32041755;0.61214554
2060.0;0.4250571;0.3257046;0.6212512
2061.0;0.43012354;0.32990178;0.62891126
2062.0;0.43519;0.33409902;0.6365713
2063.0;0.44025645;0.3382962;0.6442313
2064.0;0.44532287;0.3424934;0.65189135
2065.0;0.4503893;0.34669062;0.6595514
2066.0;0.45545575;0.3508878;0.6672115
2067.0;0.46052215;0.35508502;0.67487144
2068.0;0.46558863;0.35928223;0.68253154
2069.0;0.47065502;0.36347944;0.69019157
2070.0;0.4757215;0.36767665;0.6978516
2071.0;0.47996205;0.3709651;0.7050632
2072.0;0.48420265;0.37425354;0.7122749
2073.0;0.48844323;0.37754196;0.71948653
2074.0;0.49268383;0.38083044;0.7266981
2075.0;0.49692437;0.38411885;0.7339098
2076.0;0.501165;0.38740733;0.74112135
2077.0;0.50540555;0.39069575;0.74833304
2078.0;0.50964606;0.3939842;0.7555446
2079.0;0.51388663;0.39727265;0.7627562
2080.0;0.51812726;0.4005611;0.7699679
2081.0;0.5226238;0.40394518;0.7778535
2082.0;0.52712035;0.40732932;0.7857392
2083.0;0.5316169;0.41071337;0.7936249
2084.0;0.53611344;0.41409755;0.8015105
2085.0;0.54060996;0.4174816;0.8093962
2086.0;0.5451066;0.42086568;0.81728184
2087.0;0.5496031;0.4242498;0.8251675
2088.0;0.5540996;0.4276339;0.8330532
2089.0;0.55859613;0.431018;0.84093887
2090.0;0.5630927;0.4344021;0.84882444
2091.0;0.5677854;0.4368192;0.8589173
2092.0;0.5724781;0.43923628;0.86901015
2093.0;0.5771708;0.44165334;0.8791029
2094.0;0.5818635;0.44407046;0.8891958
2095.0;0.58655614;0.44648755;0.8992886
2096.0;0.59124887;0.44890463;0.90938133
2097.0;0.59594154;0.45132172;0.9194742
2098.0;0.6006342;0.45373884;0.92956704
2099.0;0.6053269;0.45615593;0.9396598
2100.0;0.61001956;0.45857298;0.9497526
