2020.0;0.069301836;0.059301835;0.079301834
2021.0;0.072301835;0.062301833;0.08230183
2022.0;0.07530183;0.065301836;0.08530183
2023.0;0.07830183;0.068301834;0.08830184
2024.0;0.08130183;0.07130183;0.091301836
2025.0;0.08430184;0.07430183;0.094301835
2026.0;0.087301835;0.07730184;0.09730183
2027.0;0.090301834;0.080301836;0.10030183
2028.0;0.09330183;0.083301835;0.10330183
2029.0;0.09630183;0.08630183;0.10630184
2030.0;0.09930184;0.08930183;0.109301835
2031.0;0.102301836;0.09230183;0.112301834
2032.0;0.105301835;0.09530184;0.11530183
2033.0;0.10830183;0.098301835;0.11830183
2034.0;0.11130184;0.10130184;0.121301845
2035.0;0.11430183;0.10430183;0.124301836
2036.0;0.11730184;0.10730183;0.12730183
2037.0;0.120301835;0.11030184;0.13030183
2038.0;0.123301834;0.113301836;0.13330184
2039.0;0.12630184;0.116301835;0.13630183
2040.0;0.12930183;0.11930183;0.13930184
2041.0;0.13230184;0.12230183;0.14330183
2042.0;0.13530183;0.12530184;0.14730184
2043.0;0.13830183;0.12830183;0.15130183
2044.0;0.14130184;0.13130184;0.15530184
2045.0;0.14430183;0.13430184;0.15930183
2046.0;0.14730184;0.13730183;0.16330184
2047.0;0.15030183;0.14030184;0.16730183
2048.0;0.15330184;0.14330183;0.17130183
2049.0;0.15630184;0.14630184;0.17530183
2050.0;0.15930183;0.14930183;0.17930183
2051.0;0.16230184;0.15230183;0.18130183
2052.0;0.16530183;0.15530184;0.18330184
2053.0;0.16830184;0.15830183;0.18530184
2054.0;0.17130183;0.16130184;0.18730183
2055.0;0.17430183;0.16430183;0.18930183
2056.0;0.17730184;0.16730183;0.19130184
2057.0;0.18030183;0.17030184;0.19330183
2058.0;0.18330184;0.17330183;0.19530183
2059.0;0.18630183;0.17630184;0.19730183
2060.0;0.18930183;0.17930183;0.19930184
2061.0;0.19230184;0.18230183;0.20230183
2062.0;0.19530183;0.18530184;0.20530184
2063.0;0.19830184;0.18830183;0.20830183
2064.0;0.20130183;0.19130184;0.21130183
2065.0;0.20430183;0.19430183;0.21430184
2066.0;0.20730184;0.19730183;0.21730183
2067.0;0.21030183;0.20030184;0.22030184
2068.0;0.21330184;0.20330183;0.22330183
2069.0;0.21630183;0.20630184;0.22630183
2070.0;0.21930183;0.20930183;0.22930184
2071.0;0.22230184;0.21230184;0.23230183
2072.0;0.22530183;0.21530184;0.23530184
2073.0;0.22830184;0.21830183;0.23830183
2074.0;0.23130184;0.22130184;0.24130185
2075.0;0.23430184;0.22430183;0.24430184
2076.0;0.23730184;0.22730184;0.24730183
2077.0;0.24030183;0.23030183;0.25030184
2078.0;0.24330184;0.23330183;0.25330183
2079.0;0.24630183;0.23630184;0.25630185
2080.0;0.24930184;0.23930183;0.25930184
2081.0;0.25230184;0.24230184;0.26130182
2082.0;0.25530183;0.24530183;0.26330185
2083.0;0.25830185;0.24830183;0.26530185
2084.0;0.26130185;0.25130185;0.26730186
2085.0;0.26430184;0.25430185;0.26930186
2086.0;0.26730186;0.25730184;0.27130184
2087.0;0.27030185;0.26030186;0.27330184
2088.0;0.27330184;0.26330185;0.27530184
2089.0;0.27630186;0.26630184;0.27730185
2090.0;0.27930185;0.26930186;0.27930185
2091.0;0.28130183;0.27230182;0.2823018
2092.0;0.28330186;0.27530184;0.28530186
2093.0;0.28530186;0.27830184;0.28830186
2094.0;0.28730184;0.28130186;0.29130185
2095.0;0.28930184;0.28430185;0.29430184
2096.0;0.29130185;0.28730184;0.29730186
2097.0;0.29330185;0.29030186;0.30030185
2098.0;0.29530185;0.29330185;0.30330184
2099.0;0.29730186;0.29630184;0.30630186
2100.0;0.29930186;0.29930186;0.30930185
