1900.0;-0.14310001;-0.16076666;-0.12408333
1901.0;-0.13833334;-0.15711667;-0.1192
1902.0;-0.15075;-0.16873334;-0.13085
1903.0;-0.13953334;-0.15789999;-0.12088333
1904.0;-0.13855;-0.15664999;-0.11928333
1905.0;-0.13008332;-0.14905;-0.11223333
1906.0;-0.14536667;-0.16356666;-0.12645
1907.0;-0.13816667;-0.15645;-0.12138333
1908.0;-0.15348333;-0.17183332;-0.13533333
1909.0;-0.1484;-0.16663334;-0.12969999
1910.0;-0.14664999;-0.1648;-0.12878335
1911.0;-0.13165;-0.14843333;-0.11366666
1912.0;-0.12335;-0.14021666;-0.107033335
1913.0;-0.11621667;-0.13223334;-0.099300005
1914.0;-0.1139;-0.13103335;-0.0975
1915.0;-0.110416666;-0.12726668;-0.09418333
1916.0;-0.1374;-0.15336667;-0.12001667
1917.0;-0.12695;-0.14296666;-0.11091667
1918.0;-0.1227;-0.13886666;-0.10676667
1919.0;-0.116566665;-0.13263333;-0.100383334
1920.0;-0.10831667;-0.12366667;-0.09238333
1921.0;-0.10825;-0.12416667;-0.09261667
1922.0;-0.10976667;-0.12478333;-0.094166666
1923.0;-0.124466665;-0.14095;-0.10881667
1924.0;-0.119216666;-0.13368334;-0.104449995
1925.0;-0.12368333;-0.13798334;-0.10978334
1926.0;-0.12505001;-0.13865;-0.11043333
1927.0;-0.11771667;-0.13155;-0.10351667
1928.0;-0.12065;-0.13446666;-0.10548333
1929.0;-0.12083334;-0.13523334;-0.10643333
1930.0;-0.116333336;-0.13023333;-0.101449996
1931.0;-0.11553333;-0.12910001;-0.10235
1932.0;-0.10101667;-0.11505;-0.08785
1933.0;-0.10786667;-0.12065;-0.09326667
1934.0;-0.12045;-0.13391668;-0.10738333
1935.0;-0.10808334;-0.12163333;-0.09495
1936.0;-0.11375;-0.12703334;-0.10121667
1937.0;-0.1046;-0.11801667;-0.09165
1938.0;-0.095;-0.10836667;-0.08286667
1939.0;-0.09103333;-0.10356667;-0.07808334
1940.0;-0.10141666;-0.11395;-0.08968333
1941.0;-0.08635;-0.09845;-0.0742
1942.0;-0.0865;-0.098066665;-0.07444999
1943.0;-0.07976667;-0.091800004;-0.06801667
1944.0;-0.08821667;-0.09978333;-0.076349996
1945.0;-0.08846667;-0.10025;-0.077183336
1946.0;-0.07411667;-0.085083336;-0.06245
1947.0;-0.08173333;-0.0929;-0.07113333
1948.0;-0.07393333;-0.085316665;-0.06301667
1949.0;-0.061683334;-0.073;-0.0505
1950.0;-0.06566666;-0.076183334;-0.054950003
1951.0;-0.054983333;-0.06615;-0.04365
1952.0;-0.055316664;-0.06573333;-0.04365
1953.0;-0.049383335;-0.05975;-0.03845
1954.0;-0.059133336;-0.06951667;-0.049450003
1955.0;-0.05585;-0.06643333;-0.045866664
1956.0;-0.06926667;-0.0796;-0.059833333
1957.0;-0.05333333;-0.063433334;-0.043383334
1958.0;-0.0553;-0.06383333;-0.045933336
1959.0;-0.052183334;-0.06085;-0.043783333
1960.0;-0.04635;-0.05465;-0.03798333
1961.0;-0.046816666;-0.054783333;-0.038616665
1962.0;-0.048583332;-0.056383334;-0.040466666
1963.0;-0.048033334;-0.056483332;-0.03985
1964.0;-0.052116666;-0.06055;-0.043983333
1965.0;-0.046016667;-0.053933334;-0.03798333
1966.0;-0.0523;-0.060083333;-0.044066664
1967.0;-0.05271667;-0.060133334;-0.04435
1968.0;-0.054316666;-0.062283333;-0.046683334
1969.0;-0.054216668;-0.061733335;-0.046033334
1970.0;-0.054233335;-0.062266666;-0.046316665
1971.0;-0.0422;-0.050183333;-0.034383334
1972.0;-0.048150003;-0.055666666;-0.040066667
1973.0;-0.0528;-0.060883336;-0.044483334
1974.0;-0.04616667;-0.054266665;-0.03825
1975.0;-0.0376;-0.0452;-0.0297
1976.0;-0.047433335;-0.054883335;-0.040183336
1977.0;-0.043016665;-0.050333332;-0.035516668
1978.0;-0.04758333;-0.054849997;-0.040083334
1979.0;-0.037766665;-0.0453;-0.030083334
1980.0;-0.039983332;-0.047483332;-0.0328
1981.0;-0.02275;-0.0304;-0.0156000005
1982.0;-0.031049998;-0.03833333;-0.023633333
1983.0;-0.027633334;-0.035;-0.020416666
1984.0;-0.0278;-0.035233334;-0.0209
1985.0;-0.033766665;-0.04058333;-0.0266
1986.0;-0.026316667;-0.0332;-0.019333335
1987.0;-0.02875;-0.0358;-0.021916665
1988.0;-0.031516667;-0.03875;-0.024149999
1989.0;-0.024416666;-0.031183332;-0.017549999
1990.0;-0.021399999;-0.0278;-0.014183333
1991.0;-0.028516667;-0.03735;-0.020200001
1992.0;-0.029333334;-0.036516666;-0.0221
1993.0;-0.028183332;-0.035433333;-0.021683332
1994.0;-0.02545;-0.034016665;-0.017266667
1995.0;-0.014666667;-0.023916665;-0.0054333336
1996.0;-0.019266667;-0.025433332;-0.012966666
1997.0;-0.0055333334;-0.013066666;0.0017333333
1998.0;-0.0054499996;-0.011316666;0.00135
1999.0;-0.0021666668;-0.007766667;0.0033833333
2000.0;0.0;-0.00405;0.0041
2001.0;0.0021333334;-0.0018833333;0.0059666666
2002.0;0.011816666;0.006;0.017733334
2003.0;0.015733333;0.009466666;0.021866666
2004.0;0.0016833333;-0.0050666668;0.007816667
2005.0;0.0077833333;0.0012;0.0143
2006.0;0.019633334;0.0128833335;0.0261
2007.0;0.0135;0.0069;0.020483334
2008.0;0.021200001;0.014649999;0.0278
2009.0;0.023283333;0.016683333;0.029916666
2010.0;0.027566668;0.0209;0.034333333
2011.0;0.023366667;0.016583335;0.030216668
2012.0;0.04275;0.035733335;0.049566664
2013.0;0.0368;0.0302;0.043700002
2014.0;0.042433333;0.035616666;0.049266666
2015.0;0.04853333;0.041433334;0.055366665
2016.0;0.0543;0.047683336;0.0615
2017.0;0.06261666;0.0552;0.070949994
2018.0;0.06611667;0.058166668;0.07433333
