2020.0;0.1312391;0.10128145;0.16308564
2021.0;0.13895005;0.10627141;0.17338687
2022.0;0.146661;0.11126138;0.18368809
2023.0;0.15437193;0.11625134;0.19398934
2024.0;0.16208288;0.12124131;0.20429057
2025.0;0.16979383;0.12623127;0.2145918
2026.0;0.17750478;0.13122123;0.22489303
2027.0;0.18521571;0.1362112;0.23519427
2028.0;0.19292665;0.14120117;0.2454955
2029.0;0.20063761;0.14619112;0.25579673
2030.0;0.20834854;0.15118109;0.26609796
2031.0;0.21610448;0.15715764;0.2756873
2032.0;0.2238604;0.16313422;0.28527668
2033.0;0.23161633;0.16911077;0.294866
2034.0;0.23937227;0.17508735;0.30445534
2035.0;0.24712819;0.1810639;0.31404468
2036.0;0.25488412;0.18704046;0.32363403
2037.0;0.26264006;0.19301704;0.3332234
2038.0;0.27039596;0.1989936;0.34281275
2039.0;0.27815193;0.20497015;0.35240206
2040.0;0.28590783;0.21094671;0.36199144
2041.0;0.2931176;0.21673526;0.37101933
2042.0;0.3003274;0.22252381;0.38004732
2043.0;0.30753717;0.22831236;0.38907528
2044.0;0.31474695;0.23410091;0.39810327
2045.0;0.32195672;0.23988944;0.4071312
2046.0;0.3291665;0.24567801;0.41615912
2047.0;0.33637628;0.25146654;0.4251871
2048.0;0.34358606;0.2572551;0.43421507
2049.0;0.35079587;0.26304364;0.443243
2050.0;0.35800564;0.26883218;0.45227095
2051.0;0.36431056;0.2741192;0.4601363
2052.0;0.37061554;0.27940625;0.4680016
2053.0;0.37692046;0.2846933;0.47586694
2054.0;0.38322544;0.28998035;0.4837323
2055.0;0.38953036;0.2952674;0.4915976
2056.0;0.39583534;0.30055445;0.49946296
2057.0;0.40214026;0.30584148;0.5073283
2058.0;0.4084452;0.31112847;0.5151936
2059.0;0.41475013;0.31641552;0.5230589
2060.0;0.42105508;0.32170257;0.53092426
2061.0;0.4261215;0.32589978;0.5371281
2062.0;0.431188;0.330097;0.54333204
2063.0;0.43625438;0.3342942;0.5495359
2064.0;0.44132087;0.33849138;0.5557398
2065.0;0.44638726;0.3426886;0.56194365
2066.0;0.45145375;0.3468858;0.5681476
2067.0;0.45652017;0.351083;0.57435143
2068.0;0.4615866;0.35528022;0.5805553
2069.0;0.46665305;0.35947743;0.58675915
2070.0;0.47171947;0.3636746;0.5929631
2071.0;0.47596005;0.3669631;0.5984101
2072.0;0.48020062;0.37025154;0.6038573
2073.0;0.48444122;0.37353998;0.6093044
2074.0;0.48868182;0.37682843;0.6147516
2075.0;0.49292237;0.38011685;0.6201987
2076.0;0.49716294;0.38340527;0.6256458
2077.0;0.5014035;0.38669372;0.63109297
2078.0;0.5056441;0.3899822;0.63654006
2079.0;0.50988466;0.39327064;0.6419872
2080.0;0.5141252;0.3965591;0.64743435
2081.0;0.51862174;0.39994317;0.6532115
2082.0;0.5231184;0.4033273;0.6589887
2083.0;0.5276149;0.40671137;0.6647659
2084.0;0.53211147;0.41009548;0.6705431
2085.0;0.536608;0.4134796;0.67632025
2086.0;0.5411045;0.41686368;0.68209743
2087.0;0.54560107;0.4202478;0.6878746
2088.0;0.5500976;0.4236319;0.69365185
2089.0;0.5545941;0.427016;0.69942904
2090.0;0.5590907;0.43040007;0.70520616
2091.0;0.5637834;0.43281716;0.71282583
2092.0;0.5684761;0.43523425;0.7204456
2093.0;0.57316875;0.43765137;0.7280652
2094.0;0.5778614;0.44006845;0.7356848
2095.0;0.58255416;0.44248554;0.7433045
2096.0;0.58724684;0.44490266;0.75092417
2097.0;0.5919395;0.44731972;0.75854385
2098.0;0.5966322;0.4497368;0.76616347
2099.0;0.6013249;0.45215386;0.77378315
2100.0;0.6060176;0.45457098;0.7814028
2101.0;0.6111119;0.45818245;0.78854865
2102.0;0.61620617;0.46179402;0.79569453
2103.0;0.62130046;0.46540546;0.80284035
2104.0;0.62639475;0.46901703;0.80998623
2105.0;0.6314891;0.47262847;0.817132
2106.0;0.6365834;0.47623998;0.8242778
2107.0;0.6416777;0.47985148;0.83142364
2108.0;0.64677197;0.483463;0.8385696
2109.0;0.65186626;0.48707446;0.8457154
2110.0;0.65696055;0.49068597;0.8528612
2111.0;0.66192675;0.49413726;0.8600683
2112.0;0.66689295;0.4975886;0.8672755
2113.0;0.67185915;0.50103986;0.8744826
2114.0;0.67682534;0.5044912;0.88168967
2115.0;0.6817915;0.5079425;0.8888967
2116.0;0.6867577;0.5113938;0.89610386
2117.0;0.6917239;0.5148451;0.903311
2118.0;0.6966901;0.51829636;0.91051805
2119.0;0.7016562;0.5217477;0.9177252
2120.0;0.7066224;0.525199;0.9249323
2121.0;0.7113357;0.5283476;0.93198717
2122.0;0.71604896;0.53149617;0.93904203
2123.0;0.7207622;0.5346448;0.9460969
2124.0;0.7254755;0.53779334;0.9531519
2125.0;0.7301887;0.54094195;0.9602067
2126.0;0.73490196;0.54409057;0.96726155
2127.0;0.73961526;0.5472391;0.9743164
2128.0;0.7443285;0.55038774;0.9813713
2129.0;0.74904174;0.5535363;0.98842615
2130.0;0.75375503;0.5566849;0.995481
2131.0;0.7584811;0.5597035;1.0023559
2132.0;0.76320714;0.56272227;1.0092309
2133.0;0.76793325;0.5657409;1.0161058
2134.0;0.7726593;0.5687596;1.0229806
2135.0;0.77738535;0.57177824;1.0298555
2136.0;0.78211147;0.5747969;1.0367305
2137.0;0.7868375;0.57781553;1.0436053
2138.0;0.7915635;0.58083427;1.0504802
2139.0;0.7962897;0.5838529;1.057355
2140.0;0.8010157;0.58687156;1.06423
2141.0;0.805612;0.58986175;1.0711328
2142.0;0.8102084;0.592852;1.0780358
2143.0;0.8148047;0.5958422;1.0849388
2144.0;0.819401;0.5988323;1.0918418
2145.0;0.8239973;0.6018225;1.0987446
2146.0;0.8285936;0.60481274;1.1056474
2147.0;0.83318996;0.6078029;1.1125505
2148.0;0.83778626;0.6107931;1.1194533
2149.0;0.8423825;0.6137833;1.1263564
2150.0;0.8469789;0.6167735;1.1332593
