2020.0;0.07393867;0.048576396;0.099658795
2021.0;0.07819736;0.052154057;0.10514056
2022.0;0.08245605;0.055731717;0.11062233
2023.0;0.08671474;0.05930938;0.11610408
2024.0;0.09097344;0.062887035;0.121585846
2025.0;0.095232114;0.06646469;0.12706761
2026.0;0.09949081;0.07004236;0.13254938
2027.0;0.103749506;0.073620014;0.13803114
2028.0;0.10800819;0.07719767;0.14351289
2029.0;0.11226688;0.08077533;0.14899465
2030.0;0.116525576;0.08435299;0.15447642
2031.0;0.12206511;0.08835875;0.16210194
2032.0;0.12760465;0.09236451;0.16972746
2033.0;0.13314418;0.09637027;0.17735298
2034.0;0.13868372;0.10037604;0.1849785
2035.0;0.14422326;0.10438179;0.192604
2036.0;0.14976278;0.10838756;0.20022953
2037.0;0.15530232;0.11239332;0.20785505
2038.0;0.16084185;0.11639908;0.21548057
2039.0;0.16638139;0.12040484;0.22310609
2040.0;0.17192093;0.1244106;0.23073159
2041.0;0.17888789;0.12985401;0.24001399
2042.0;0.18585485;0.13529742;0.24929641
2043.0;0.19282183;0.14074083;0.2585788
2044.0;0.1997888;0.14618424;0.26786122
2045.0;0.20675574;0.15162764;0.27714363
2046.0;0.21372272;0.15707104;0.28642604
2047.0;0.22068967;0.16251446;0.29570845
2048.0;0.22765663;0.16795786;0.30499086
2049.0;0.2346236;0.17340128;0.31427327
2050.0;0.24159056;0.17884468;0.32355565
2051.0;0.25006002;0.18527995;0.3346478
2052.0;0.25852948;0.19171524;0.34573993
2053.0;0.26699898;0.19815055;0.3568321
2054.0;0.27546844;0.20458582;0.36792424
2055.0;0.28393787;0.21102108;0.37901637
2056.0;0.29240733;0.21745639;0.39010853
2057.0;0.3008768;0.22389166;0.40120068
2058.0;0.3093463;0.23032695;0.4122928
2059.0;0.3178157;0.23676223;0.42338493
2060.0;0.32628518;0.24319752;0.43447712
2061.0;0.33654884;0.2513472;0.44739014
2062.0;0.3468125;0.25949696;0.46030322
2063.0;0.3570761;0.26764664;0.47321624
2064.0;0.3673398;0.27579638;0.4861293
2065.0;0.3776034;0.28394607;0.49904233
2066.0;0.38786706;0.29209578;0.5119554
2067.0;0.3981307;0.3002455;0.5248684
2068.0;0.40839434;0.3083952;0.5377815
2069.0;0.41865802;0.31654492;0.55069447
2070.0;0.42892167;0.32469463;0.5636076
2071.0;0.44224465;0.33568576;0.5784497
2072.0;0.4555677;0.3466769;0.59329194
2073.0;0.46889073;0.35766804;0.60813403
2074.0;0.48221374;0.36865917;0.6229763
2075.0;0.49553674;0.37965026;0.6378184
2076.0;0.5088598;0.39064142;0.6526606
2077.0;0.5221828;0.40163255;0.6675028
2078.0;0.5355058;0.41262367;0.682345
2079.0;0.5488288;0.4236148;0.6971871
2080.0;0.56215185;0.43460593;0.7120293
2081.0;0.5803829;0.4500121;0.72915953
2082.0;0.5986139;0.46541828;0.74628985
2083.0;0.6168449;0.4808244;0.76342005
2084.0;0.635076;0.4962306;0.7805503
2085.0;0.653307;0.51163673;0.79768056
2086.0;0.671538;0.5270429;0.8148109
2087.0;0.689769;0.54244906;0.83194107
2088.0;0.70800006;0.55785525;0.84907126
2089.0;0.7262311;0.5732614;0.8662016
2090.0;0.7444621;0.5886675;0.88333184
2091.0;0.7644331;0.60384786;0.9048136
2092.0;0.7844042;0.6190282;0.9262954
2093.0;0.80437523;0.6342085;0.9477772
2094.0;0.8243463;0.64938885;0.969259
2095.0;0.8443173;0.66456914;0.9907407
2096.0;0.86428833;0.6797494;1.0122225
2097.0;0.8842594;0.69492984;1.0337044
2098.0;0.9042305;0.7101102;1.055186
2099.0;0.9242015;0.7252904;1.0766679
2100.0;0.94417256;0.74047077;1.0981497
2101.0;0.9661673;0.75362605;1.1268494
2102.0;0.9881622;0.7667815;1.155549
2103.0;1.010157;0.7799368;1.1842488
2104.0;1.0321518;0.79309213;1.2129484
2105.0;1.0541466;0.8062474;1.2416482
2106.0;1.0761414;0.81940275;1.270348
2107.0;1.0981362;0.83255804;1.2990476
2108.0;1.120131;0.8457134;1.3277473
2109.0;1.1421257;0.8588687;1.356447
2110.0;1.1641206;0.87202406;1.3851467
2111.0;1.1837729;0.8840398;1.4248173
2112.0;1.2034254;0.89605564;1.464488
2113.0;1.2230777;0.9080714;1.5041586
2114.0;1.2427303;0.9200872;1.5438292
2115.0;1.2623824;0.9321029;1.5834998
2116.0;1.2820348;0.9441188;1.6231704
2117.0;1.3016872;0.9561345;1.662841
2118.0;1.3213396;0.96815026;1.7025115
2119.0;1.340992;0.980166;1.7421821
2120.0;1.3606443;0.99218184;1.7818528
2121.0;1.3776362;1.0035651;1.8335819
2122.0;1.3946283;1.0149484;1.8853112
2123.0;1.4116201;1.0263315;1.9370403
2124.0;1.4286121;1.0377148;1.9887695
2125.0;1.445604;1.0490981;2.0404987
2126.0;1.4625959;1.0604813;2.092228
2127.0;1.4795879;1.0718646;2.1439571
2128.0;1.4965799;1.0832479;2.1956863
2129.0;1.5135717;1.0946312;2.2474153
2130.0;1.5305637;1.1060144;2.2991445
2131.0;1.5473143;1.1165811;2.3634708
2132.0;1.5640651;1.1271477;2.427797
2133.0;1.5808154;1.1377145;2.4921231
2134.0;1.5975661;1.1482811;2.5564497
2135.0;1.6143168;1.1588478;2.6207757
2136.0;1.6310674;1.1694144;2.6851017
2137.0;1.6478179;1.1799812;2.749428
2138.0;1.6645687;1.1905477;2.8137543
2139.0;1.6813192;1.2011145;2.8780806
2140.0;1.6980698;1.2116811;2.9424067
2141.0;1.7144244;1.2213267;3.019503
2142.0;1.7307789;1.230972;3.0966
2143.0;1.7471333;1.2406174;3.1736963
2144.0;1.7634878;1.250263;3.250793
2145.0;1.7798423;1.2599083;3.3278897
2146.0;1.7961968;1.2695537;3.4049861
2147.0;1.8125513;1.2791992;3.4820826
2148.0;1.8289058;1.2888446;3.5591793
2149.0;1.8452603;1.29849;3.6362755
2150.0;1.8616147;1.3081355;3.7133722
