2020.0;0.05668142;0.035524275;0.07933118
2021.0;0.059886206;0.037808686;0.08353799
2022.0;0.063091;0.0400931;0.087744795
2023.0;0.0662958;0.04237751;0.0919516
2024.0;0.069500595;0.044661928;0.09615841
2025.0;0.07270538;0.046946336;0.100365214
2026.0;0.07591017;0.049230743;0.10457202
2027.0;0.079114966;0.051515155;0.10877883
2028.0;0.08231976;0.05379957;0.112985626
2029.0;0.08552455;0.056083977;0.11719244
2030.0;0.08872934;0.05836839;0.12139924
2031.0;0.0919886;0.060632516;0.12582181
2032.0;0.09524787;0.06289665;0.13024439
2033.0;0.09850713;0.06516077;0.13466696
2034.0;0.10176639;0.0674249;0.13908954
2035.0;0.10502565;0.069689035;0.1435121
2036.0;0.10828491;0.07195316;0.14793466
2037.0;0.111544184;0.07421728;0.15235724
2038.0;0.11480344;0.07648142;0.15677981
2039.0;0.1180627;0.078745544;0.16120237
2040.0;0.12132197;0.08100967;0.16562496
2041.0;0.12414989;0.08304626;0.16939932
2042.0;0.12697782;0.085082844;0.1731737
2043.0;0.12980573;0.08711943;0.17694806
2044.0;0.13263366;0.089156024;0.18072243
2045.0;0.13546158;0.0911926;0.18449679
2046.0;0.1382895;0.09322919;0.18827115
2047.0;0.14111742;0.095265776;0.19204551
2048.0;0.14394534;0.09730236;0.19581988
2049.0;0.14677325;0.09933894;0.19959426
2050.0;0.14960118;0.101375535;0.20336862
2051.0;0.1527146;0.10351088;0.20750414
2052.0;0.15582803;0.10564623;0.21163966
2053.0;0.15894146;0.10778159;0.21577518
2054.0;0.1620549;0.10991694;0.21991071
2055.0;0.1651683;0.11205229;0.22404622
2056.0;0.16828173;0.114187635;0.22818173
2057.0;0.17139517;0.11632299;0.23231725
2058.0;0.1745086;0.118458346;0.23645277
2059.0;0.17762202;0.1205937;0.2405883
2060.0;0.18073544;0.12272904;0.24472381
2061.0;0.18389833;0.124560595;0.24922088
2062.0;0.18706125;0.12639216;0.25371793
2063.0;0.19022413;0.12822369;0.25821498
2064.0;0.19338702;0.13005525;0.26271203
2065.0;0.1965499;0.1318868;0.26720908
2066.0;0.1997128;0.13371836;0.2717061
2067.0;0.2028757;0.1355499;0.2762032
2068.0;0.20603861;0.13738145;0.28070024
2069.0;0.20920147;0.139213;0.28519726
2070.0;0.21236438;0.14104456;0.28969434
2071.0;0.21490751;0.14268471;0.29356048
2072.0;0.2174507;0.14432487;0.29742667
2073.0;0.21999383;0.14596502;0.3012928
2074.0;0.222537;0.1476052;0.305159
2075.0;0.22508015;0.14924535;0.30902514
2076.0;0.22762333;0.1508855;0.3128913
2077.0;0.23016648;0.15252566;0.31675747
2078.0;0.23270962;0.15416582;0.32062367
2079.0;0.23525278;0.15580599;0.3244898
2080.0;0.23779593;0.15744613;0.32835597
2081.0;0.2405383;0.15934622;0.3322775
2082.0;0.24328066;0.16124631;0.33619907
2083.0;0.24602306;0.16314639;0.3401206
2084.0;0.24876544;0.16504648;0.34404215
2085.0;0.2515078;0.16694655;0.3479637
2086.0;0.25425017;0.16884664;0.35188526
2087.0;0.25699255;0.1707467;0.35580677
2088.0;0.25973493;0.1726468;0.35972834
2089.0;0.2624773;0.17454687;0.36364987
2090.0;0.26521966;0.17644696;0.3675714
2091.0;0.2680805;0.17782454;0.3723078
2092.0;0.27094138;0.17920215;0.3770442
2093.0;0.27380225;0.1805797;0.38178056
2094.0;0.27666312;0.1819573;0.38651696
2095.0;0.27952397;0.18333489;0.39125335
2096.0;0.2823848;0.18471247;0.39598975
2097.0;0.28524566;0.18609005;0.40072614
2098.0;0.28810653;0.18746765;0.40546253
2099.0;0.29096738;0.18884523;0.41019893
2100.0;0.29382825;0.19022281;0.4149353
2101.0;0.29640698;0.19144486;0.41897443
2102.0;0.29898572;0.1926669;0.42301354
2103.0;0.30156446;0.19388893;0.42705268
2104.0;0.3041432;0.19511098;0.4310918
2105.0;0.30672193;0.196333;0.43513092
2106.0;0.30930066;0.19755505;0.43917003
2107.0;0.31187943;0.1987771;0.44320917
2108.0;0.31445816;0.19999912;0.44724828
2109.0;0.3170369;0.2012212;0.45128742
2110.0;0.31961563;0.20244323;0.45532653
2111.0;0.32196647;0.2037003;0.45933646
2112.0;0.32431737;0.2049574;0.46334633
2113.0;0.3266682;0.20621447;0.46735626
2114.0;0.32901904;0.20747158;0.47136614
2115.0;0.33136994;0.20872867;0.47537607
2116.0;0.33372077;0.20998575;0.47938597
2117.0;0.3360716;0.21124284;0.48339587
2118.0;0.33842248;0.21249992;0.4874058
2119.0;0.34077334;0.21375701;0.49141568
2120.0;0.3431242;0.2150141;0.4954256
2121.0;0.34542066;0.2161128;0.4992952
2122.0;0.34771714;0.21721151;0.5031648
2123.0;0.35001358;0.21831024;0.5070344
2124.0;0.35231006;0.21940896;0.5109041
2125.0;0.3546065;0.22050767;0.5147736
2126.0;0.356903;0.22160639;0.5186432
2127.0;0.35919943;0.22270511;0.5225128
2128.0;0.3614959;0.22380382;0.52638245
2129.0;0.3637924;0.22490253;0.5302521
2130.0;0.36608884;0.22600123;0.53412163
2131.0;0.36837047;0.22710879;0.538042
2132.0;0.37065214;0.22821636;0.5419623
2133.0;0.37293378;0.22932392;0.54588264
2134.0;0.3752154;0.2304315;0.54980296
2135.0;0.37749708;0.23153906;0.55372334
2136.0;0.3797787;0.2326466;0.55764365
2137.0;0.38206035;0.23375419;0.561564
2138.0;0.384342;0.23486175;0.5654843
2139.0;0.38662365;0.23596932;0.56940466
2140.0;0.38890532;0.23707688;0.57332504
2141.0;0.39114973;0.23811758;0.577331
2142.0;0.3933941;0.23915827;0.581337
2143.0;0.39563853;0.24019897;0.58534294
2144.0;0.39788294;0.24123968;0.5893489
2145.0;0.40012732;0.24228036;0.5933549
2146.0;0.40237173;0.24332108;0.59736085
2147.0;0.40461612;0.24436177;0.6013668
2148.0;0.40686053;0.24540249;0.6053728
2149.0;0.4091049;0.24644317;0.60937876
2150.0;0.41134933;0.24748386;0.6133848
