2020.0;0.07294319;0.049440432;0.11852914
2021.0;0.07885755;0.05330525;0.13116388
2022.0;0.0847719;0.057170067;0.14379863
2023.0;0.09068626;0.06103488;0.15643334
2024.0;0.096600614;0.064899705;0.16906811
2025.0;0.102514975;0.068764515;0.18170284
2026.0;0.108429335;0.07262933;0.19433758
2027.0;0.11434369;0.07649415;0.2069723
2028.0;0.12025805;0.08035896;0.21960706
2029.0;0.12617241;0.084223785;0.2322418
2030.0;0.13208677;0.0880886;0.24487652
2031.0;0.14162467;0.09414634;0.26448482
2032.0;0.15116261;0.10020408;0.28409314
2033.0;0.16070053;0.10626181;0.30370143
2034.0;0.17023847;0.11231956;0.32330972
2035.0;0.17977639;0.11837729;0.34291804
2036.0;0.18931432;0.12443503;0.3625263
2037.0;0.19885224;0.13049276;0.38213462
2038.0;0.20839016;0.1365505;0.4017429
2039.0;0.21792807;0.14260824;0.42135122
2040.0;0.227466;0.14866598;0.4409595
2041.0;0.24261087;0.15925257;0.4653584
2042.0;0.25775576;0.16983916;0.48975727
2043.0;0.27290064;0.18042573;0.51415616
2044.0;0.28804553;0.19101232;0.538555
2045.0;0.30319038;0.20159891;0.5629539
2046.0;0.31833526;0.21218549;0.5873528
2047.0;0.33348012;0.22277206;0.61175174
2048.0;0.348625;0.23335867;0.6361506
2049.0;0.3637699;0.24394526;0.66054946
2050.0;0.37891477;0.25453183;0.6849484
2051.0;0.401866;0.271864;0.7122082
2052.0;0.42481723;0.28919613;0.73946816
2053.0;0.44776842;0.30652827;0.76672804
2054.0;0.4707197;0.32386044;0.79398793
2055.0;0.4936709;0.34119257;0.8212478
2056.0;0.5166221;0.3585247;0.8485077
2057.0;0.5395734;0.37585688;0.8757675
2058.0;0.5625246;0.39318904;0.9030275
2059.0;0.5854758;0.41052118;0.9302873
2060.0;0.60842705;0.42785335;0.9575472
2061.0;0.6381221;0.44938242;0.9862696
2062.0;0.667817;0.4709115;1.0149921
2063.0;0.697512;0.49244055;1.0437145
2064.0;0.727207;0.51396966;1.0724369
2065.0;0.756902;0.53549874;1.1011593
2066.0;0.7865969;0.5570278;1.1298819
2067.0;0.8162919;0.5785569;1.1586043
2068.0;0.84598696;0.600086;1.1873267
2069.0;0.8756819;0.621615;1.2160491
2070.0;0.9053769;0.64314413;1.2447715
2071.0;0.9401251;0.6750083;1.2775183
2072.0;0.9748734;0.70687264;1.3102652
2073.0;1.0096216;0.7387368;1.343012
2074.0;1.0443698;0.7706011;1.3757588
2075.0;1.0791181;0.8024653;1.4085056
2076.0;1.1138664;0.8343296;1.4412525
2077.0;1.1486148;0.86619383;1.4739993
2078.0;1.183363;0.8980581;1.506746
2079.0;1.2181112;0.92992234;1.5394928
2080.0;1.2528595;0.96178657;1.5722396
2081.0;1.2910217;1.0031432;1.6058344
2082.0;1.3291839;1.0444998;1.6394293
2083.0;1.3673462;1.0858564;1.6730242
2084.0;1.4055085;1.1272131;1.7066189
2085.0;1.4436706;1.1685697;1.7402136
2086.0;1.481833;1.2099262;1.7738086
2087.0;1.5199951;1.2512829;1.8074033
2088.0;1.5581574;1.2926395;1.840998
2089.0;1.5963197;1.3339962;1.8745929
2090.0;1.6344819;1.3753527;1.9081877
2091.0;1.6727775;1.4163789;1.9478438
2092.0;1.7110733;1.4574049;1.9875
2093.0;1.7493689;1.498431;2.0271564
2094.0;1.7876645;1.5394571;2.0668123
2095.0;1.8259602;1.5804832;2.1064682
2096.0;1.8642559;1.6215091;2.1461246
2097.0;1.9025515;1.6625352;2.1857808
2098.0;1.9408472;1.7035613;2.2254367
2099.0;1.9791428;1.7445873;2.265093
2100.0;2.0174384;1.7856134;2.304749
