2020.0;0.07294319;0.043480568;0.12255638
2021.0;0.07815527;0.047217116;0.13346182
2022.0;0.083367355;0.050953668;0.14436728
2023.0;0.088579446;0.05469022;0.15527274
2024.0;0.09379153;0.05842677;0.16617818
2025.0;0.099003606;0.06216332;0.17708361
2026.0;0.1042157;0.06589987;0.18798907
2027.0;0.10942777;0.06963642;0.19889453
2028.0;0.11463986;0.07337297;0.20979998
2029.0;0.11985194;0.07710952;0.22070543
2030.0;0.12506403;0.08084607;0.23161086
2031.0;0.13251705;0.08597421;0.25014174
2032.0;0.1399701;0.09110237;0.26867267
2033.0;0.14742313;0.096230514;0.28720355
2034.0;0.15487616;0.101358674;0.30573443
2035.0;0.1623292;0.10648682;0.32426533
2036.0;0.16978222;0.111614965;0.3427962
2037.0;0.17723526;0.11674312;0.36132708
2038.0;0.1846883;0.12187126;0.379858
2039.0;0.19214132;0.12699941;0.3983889
2040.0;0.19959436;0.13212757;0.41691977
2041.0;0.2108096;0.14045727;0.4385247
2042.0;0.22202487;0.148787;0.46012962
2043.0;0.23324011;0.15711673;0.4817345
2044.0;0.24445537;0.16544646;0.50333947
2045.0;0.2556706;0.17377616;0.52494437
2046.0;0.26688588;0.1821059;0.54654926
2047.0;0.27810112;0.1904356;0.56815416
2048.0;0.28931636;0.19876534;0.5897591
2049.0;0.30053163;0.20709504;0.611364
2050.0;0.31174687;0.21542478;0.63296896
2051.0;0.32739452;0.226152;0.6528964
2052.0;0.34304214;0.23687926;0.672824
2053.0;0.35868976;0.24760647;0.6927516
2054.0;0.37433743;0.25833374;0.7126791
2055.0;0.38998505;0.26906097;0.73260665
2056.0;0.4056327;0.2797882;0.75253415
2057.0;0.42128032;0.29051545;0.7724617
2058.0;0.43692797;0.30124268;0.7923893
2059.0;0.45257562;0.3119699;0.81231683
2060.0;0.46822327;0.32269713;0.83224434
2061.0;0.48906475;0.33660564;0.85253865
2062.0;0.50990623;0.35051417;0.87283295
2063.0;0.5307478;0.36442268;0.8931272
2064.0;0.55158925;0.37833118;0.9134215
2065.0;0.5724307;0.39223966;0.9337158
2066.0;0.59327215;0.40614814;0.95401007
2067.0;0.6141136;0.42005664;0.9743043
2068.0;0.63495517;0.43396518;0.9945987
2069.0;0.65579665;0.44787365;1.0148929
2070.0;0.6766381;0.46178216;1.0351872
2071.0;0.7007515;0.47989088;1.0554963
2072.0;0.7248648;0.49799964;1.0758054
2073.0;0.74897814;0.51610833;1.0961144
2074.0;0.77309155;0.53421706;1.1164235
2075.0;0.79720485;0.5523258;1.1367326
2076.0;0.8213182;0.5704345;1.1570417
2077.0;0.84543157;0.58854324;1.1773508
2078.0;0.8695449;0.60665196;1.1976596
2079.0;0.8936583;0.6247607;1.2179688
2080.0;0.9177716;0.6428694;1.2382778
2081.0;0.94461316;0.66667837;1.2617037
2082.0;0.9714547;0.6904873;1.2851297
2083.0;0.9982962;0.7142963;1.3085555
2084.0;1.0251377;0.73810524;1.3319814
2085.0;1.0519793;0.7619142;1.3554072
2086.0;1.0788208;0.78572315;1.3788333
2087.0;1.1056623;0.8095321;1.4022591
2088.0;1.1325037;0.833341;1.4256849
2089.0;1.1593454;0.85715;1.4491109
2090.0;1.1861869;0.8809589;1.4725368
2091.0;1.2135806;0.90189445;1.500741
2092.0;1.2409743;0.92283005;1.5289452
2093.0;1.2683681;0.9437656;1.5571494
2094.0;1.295762;0.9647011;1.5853537
2095.0;1.3231558;0.9856366;1.6135578
2096.0;1.3505496;1.0065721;1.6417621
2097.0;1.3779433;1.0275077;1.6699663
2098.0;1.4053369;1.0484432;1.6981705
2099.0;1.4327308;1.0693787;1.7263747
2100.0;1.4601245;1.0903144;1.754579
