2020.0;0.07294319;0.05178605;0.116237156
2021.0;0.07614798;0.054070458;0.12078818
2022.0;0.079352774;0.056354873;0.1253392
2023.0;0.082557574;0.05863928;0.12989022
2024.0;0.08576236;0.060923696;0.13444123
2025.0;0.088967144;0.0632081;0.13899224
2026.0;0.092171945;0.06549252;0.14354326
2027.0;0.09537673;0.067776926;0.14809427
2028.0;0.09858153;0.07006134;0.15264529
2029.0;0.101786315;0.07234574;0.1571963
2030.0;0.10499111;0.074630156;0.16174732
2031.0;0.10825037;0.076894276;0.16717859
2032.0;0.111509636;0.07915842;0.17260987
2033.0;0.1147689;0.081422545;0.17804112
2034.0;0.11802817;0.08368668;0.1834724
2035.0;0.12128743;0.08595081;0.18890366
2036.0;0.12454669;0.08821493;0.19433492
2037.0;0.12780595;0.09047906;0.19976619
2038.0;0.13106522;0.092743196;0.20519747
2039.0;0.13432448;0.095007315;0.21062872
2040.0;0.13758375;0.09727145;0.21606
2041.0;0.14041165;0.09930803;0.22131786
2042.0;0.14323957;0.10134462;0.22657575
2043.0;0.1460675;0.10338121;0.23183359
2044.0;0.14889541;0.105417795;0.23709147
2045.0;0.15172334;0.107454374;0.24234933
2046.0;0.15455127;0.10949097;0.24760719
2047.0;0.15737918;0.11152755;0.25286505
2048.0;0.1602071;0.11356413;0.25812292
2049.0;0.16303502;0.11560072;0.26338077
2050.0;0.16586295;0.11763731;0.26863864
2051.0;0.16897637;0.11977265;0.2745558
2052.0;0.1720898;0.12190801;0.28047302
2053.0;0.17520323;0.12404337;0.2863902
2054.0;0.17831665;0.12617871;0.29230738
2055.0;0.18143009;0.12831406;0.29822454
2056.0;0.18454352;0.13044941;0.30414173
2057.0;0.18765694;0.13258477;0.3100589
2058.0;0.19077037;0.1347201;0.3159761
2059.0;0.1938838;0.13685547;0.32189324
2060.0;0.19699723;0.13899082;0.32781047
2061.0;0.20016012;0.14082235;0.33360165
2062.0;0.203323;0.14265391;0.3393929
2063.0;0.2064859;0.14448547;0.34518415
2064.0;0.2096488;0.14631703;0.35097533
2065.0;0.2128117;0.14814858;0.35676658
2066.0;0.21597458;0.14998013;0.3625578
2067.0;0.21913747;0.15181167;0.36834902
2068.0;0.22230037;0.15364324;0.37414026
2069.0;0.22546326;0.15547478;0.37993145
2070.0;0.22862616;0.15730633;0.3857227
2071.0;0.23116931;0.15894648;0.3912102
2072.0;0.23371246;0.16058666;0.39669773
2073.0;0.23625563;0.16222681;0.40218523
2074.0;0.2387988;0.16386697;0.40767273
2075.0;0.24134193;0.16550712;0.41316023
2076.0;0.24388508;0.16714728;0.41864777
2077.0;0.24642825;0.16878745;0.42413527
2078.0;0.2489714;0.1704276;0.42962277
2079.0;0.25151455;0.17206776;0.4351103
2080.0;0.2540577;0.17370792;0.4405978
2081.0;0.2568001;0.17560801;0.4463936
2082.0;0.25954244;0.17750809;0.45218945
2083.0;0.26228482;0.17940818;0.45798525
2084.0;0.2650272;0.18130825;0.4637811
2085.0;0.26776958;0.18320833;0.4695769
2086.0;0.27051193;0.18510841;0.47537273
2087.0;0.2732543;0.1870085;0.4811685
2088.0;0.27599669;0.18890856;0.48696434
2089.0;0.27873904;0.19080865;0.49276012
2090.0;0.28148142;0.19270875;0.49855596
2091.0;0.2843423;0.19408631;0.5052432
2092.0;0.28720313;0.19546391;0.5119304
2093.0;0.290064;0.1968415;0.51861763
2094.0;0.29292485;0.19821909;0.52530485
2095.0;0.2957857;0.19959666;0.5319921
2096.0;0.29864657;0.20097424;0.53867924
2097.0;0.30150744;0.20235184;0.5453665
2098.0;0.3043683;0.20372942;0.5520537
2099.0;0.3072292;0.20510699;0.558741
2100.0;0.31009004;0.20648459;0.56542814
