2020.0;0.10508226;0.07787127;0.15769199
2021.0;0.11171075;0.08256698;0.16769977
2022.0;0.11833925;0.0872627;0.17770755
2023.0;0.12496775;0.09195841;0.18771535
2024.0;0.13159624;0.09665413;0.19772314
2025.0;0.13822474;0.10134984;0.2077309
2026.0;0.14485322;0.10604555;0.2177387
2027.0;0.1514817;0.110741265;0.22774649
2028.0;0.1581102;0.11543698;0.23775426
2029.0;0.1647387;0.1201327;0.24776204
2030.0;0.17136718;0.124828406;0.25776982
2031.0;0.17809287;0.1302125;0.2670278
2032.0;0.18481852;0.13559657;0.2762858
2033.0;0.1915442;0.14098065;0.2855438
2034.0;0.19826989;0.14636475;0.2948018
2035.0;0.20499554;0.1517488;0.30405974
2036.0;0.21172123;0.15713291;0.31331775
2037.0;0.21844688;0.16251697;0.32257575
2038.0;0.22517256;0.16790107;0.33183372
2039.0;0.23189822;0.17328514;0.3410917
2040.0;0.2386239;0.17866921;0.3503497
2041.0;0.24498993;0.1837306;0.3595531
2042.0;0.25135598;0.18879202;0.3687565
2043.0;0.25772202;0.19385342;0.3779599
2044.0;0.26408806;0.19891483;0.38716334
2045.0;0.2704541;0.20397621;0.39636672
2046.0;0.27682012;0.20903762;0.40557012
2047.0;0.2831862;0.21409902;0.41477355
2048.0;0.2895522;0.21916041;0.42397696
2049.0;0.2959183;0.2242218;0.43318036
2050.0;0.3022843;0.2292832;0.44238377
2051.0;0.30819812;0.23412961;0.45121264
2052.0;0.31411195;0.23897603;0.46004155
2053.0;0.32002574;0.24382246;0.4688705
2054.0;0.32593957;0.24866885;0.47769934
2055.0;0.3318534;0.25351527;0.48652825
2056.0;0.3377672;0.25836167;0.49535716
2057.0;0.34368104;0.26320806;0.50418603
2058.0;0.34959486;0.26805452;0.5130149
2059.0;0.35550866;0.2729009;0.5218438
2060.0;0.36142248;0.2777473;0.5306727
2061.0;0.36672682;0.28214496;0.538471
2062.0;0.37203112;0.28654262;0.5462693
2063.0;0.37733546;0.29094025;0.55406755
2064.0;0.38263977;0.29533792;0.56186587
2065.0;0.3879441;0.29973558;0.5696641
2066.0;0.3932484;0.30413324;0.5774624
2067.0;0.39855275;0.30853087;0.5852607
2068.0;0.40385705;0.31292853;0.59305894
2069.0;0.4091614;0.31732616;0.60085726
2070.0;0.4144657;0.32172382;0.6086555
2071.0;0.41903272;0.3252914;0.61581063
2072.0;0.42359978;0.32885897;0.62296563
2073.0;0.4281668;0.33242655;0.63012075
2074.0;0.4327339;0.33599415;0.6372758
2075.0;0.4373009;0.3395617;0.64443094
2076.0;0.44186792;0.34312928;0.65158594
2077.0;0.446435;0.34669682;0.65874106
2078.0;0.451002;0.3502644;0.66589606
2079.0;0.4555691;0.353832;0.6730511
2080.0;0.46013612;0.35739955;0.68020624
2081.0;0.46458036;0.36070818;0.6877904
2082.0;0.46902457;0.36401683;0.6953745
2083.0;0.4734688;0.3673255;0.7029587
2084.0;0.47791302;0.37063417;0.71054286
2085.0;0.48235726;0.3739428;0.71812695
2086.0;0.4868015;0.37725145;0.72571117
2087.0;0.49124572;0.38056007;0.73329526
2088.0;0.49568996;0.38386872;0.7408795
2089.0;0.50013417;0.38717735;0.7484636
2090.0;0.5045784;0.390486;0.7560477
2091.0;0.5098003;0.39395607;0.76572603
2092.0;0.5150222;0.3974262;0.77540433
2093.0;0.5202441;0.40089628;0.78508264
2094.0;0.5254661;0.4043664;0.794761
2095.0;0.530688;0.40783647;0.8044392
2096.0;0.53590983;0.41130656;0.8141175
2097.0;0.5411318;0.41477665;0.8237958
2098.0;0.54635364;0.41824675;0.8334741
2099.0;0.55157554;0.42171684;0.8431524
2100.0;0.5567975;0.42518693;0.8528307
