2020.0;0.10508226;0.07628285;0.15710726
2021.0;0.11289183;0.08232342;0.16892578
2022.0;0.12070142;0.08836399;0.18074428
2023.0;0.12851098;0.094404556;0.19256277
2024.0;0.13632056;0.10044513;0.20438129
2025.0;0.14413013;0.106485695;0.21619979
2026.0;0.15193972;0.11252626;0.22801828
2027.0;0.15974928;0.11856683;0.2398368
2028.0;0.16755885;0.1246074;0.25165528
2029.0;0.17536843;0.13064796;0.26347378
2030.0;0.18317801;0.13668853;0.2752923
2031.0;0.19209972;0.14374733;0.28920388
2032.0;0.20102145;0.15080613;0.3031155
2033.0;0.20994318;0.15786491;0.31702706
2034.0;0.2188649;0.16492371;0.33093867
2035.0;0.2277866;0.17198248;0.34485024
2036.0;0.23670834;0.17904128;0.35876185
2037.0;0.24563004;0.18610007;0.3726734
2038.0;0.25455177;0.19315886;0.38658503
2039.0;0.26347348;0.20021765;0.4004966
2040.0;0.2723952;0.20727645;0.4144082
2041.0;0.28237814;0.21546513;0.42924103
2042.0;0.29236114;0.22365382;0.44407392
2043.0;0.30234408;0.2318425;0.45890674
2044.0;0.31232706;0.2400312;0.47373956
2045.0;0.32231;0.24821988;0.48857242
2046.0;0.33229297;0.25640857;0.5034053
2047.0;0.34227592;0.26459727;0.5182381
2048.0;0.3522589;0.27278596;0.5330709
2049.0;0.36224186;0.28097463;0.54790384
2050.0;0.37222478;0.28916332;0.56273663
2051.0;0.38347358;0.29866526;0.5781817
2052.0;0.39472234;0.30816722;0.5936268
2053.0;0.40597108;0.31766912;0.6090719
2054.0;0.41721988;0.3271711;0.62451696
2055.0;0.4284686;0.336673;0.639962
2056.0;0.4397174;0.34617493;0.65540713
2057.0;0.45096615;0.35567686;0.6708522
2058.0;0.46221495;0.36517882;0.68629724
2059.0;0.47346368;0.37468076;0.70174235
2060.0;0.48471245;0.3841827;0.71718746
2061.0;0.49794403;0.39511353;0.73382
2062.0;0.5111756;0.4060444;0.7504526
2063.0;0.5244071;0.41697523;0.7670852
2064.0;0.5376387;0.42790607;0.78371775
2065.0;0.55087024;0.4388369;0.80035037
2066.0;0.5641018;0.44976777;0.8169829
2067.0;0.5773334;0.4606986;0.83361554
2068.0;0.59056497;0.47162944;0.8502481
2069.0;0.6037965;0.4825603;0.86688066
2070.0;0.61702806;0.49349114;0.8835133
2071.0;0.63276446;0.50678086;0.9012149
2072.0;0.64850086;0.52007055;0.9189166
2073.0;0.66423726;0.53336024;0.93661815
2074.0;0.67997366;0.54665005;0.95431983
2075.0;0.69571006;0.5599397;0.97202146
2076.0;0.7114464;0.5732294;0.9897231
2077.0;0.72718287;0.5865191;1.0074247
2078.0;0.7429192;0.5998088;1.0251265
2079.0;0.75865567;0.6130985;1.042828
2080.0;0.774392;0.62638825;1.0605297
2081.0;0.79384977;0.64318997;1.0803963
2082.0;0.81330764;0.6599916;1.1002628
2083.0;0.8327654;0.67679334;1.1201293
2084.0;0.85222316;0.69359505;1.1399959
2085.0;0.8716809;0.7103967;1.1598625
2086.0;0.8911388;0.7271984;1.1797291
2087.0;0.9105965;0.74400014;1.1995957
2088.0;0.9300543;0.7608018;1.2194623
2089.0;0.949512;0.7776035;1.2393289
2090.0;0.9689698;0.7944052;1.2591954
2091.0;0.991006;0.8110587;1.2858287
2092.0;1.0130423;0.82771236;1.3124622
2093.0;1.0350786;0.84436584;1.3390955
2094.0;1.057115;0.86101955;1.3657289
2095.0;1.0791512;0.87767303;1.3923622
2096.0;1.1011873;0.89432657;1.4189955
2097.0;1.1232237;0.91098017;1.4456289
2098.0;1.1452599;0.9276337;1.4722624
2099.0;1.1672962;0.9442873;1.4988955
2100.0;1.1893324;0.96094084;1.5255289
