2020.0;0.0663969;-0.0025556248;0.13948369
2021.0;0.07341142;-0.0009792764;0.15194783
2022.0;0.08042595;0.00059707166;0.16441199
2023.0;0.087440476;0.00217342;0.17687613
2024.0;0.094455004;0.0037497682;0.18934031
2025.0;0.10146953;0.005326116;0.20180444
2026.0;0.10848405;0.0069024647;0.21426858
2027.0;0.11549858;0.008478812;0.22673273
2028.0;0.12251311;0.010055161;0.2391969
2029.0;0.12952763;0.011631507;0.25166103
2030.0;0.13654216;0.0132078575;0.26412517
2031.0;0.14693108;0.017134884;0.28077284
2032.0;0.15732;0.021061912;0.29742047
2033.0;0.16770892;0.02498894;0.31406808
2034.0;0.17809784;0.028915968;0.33071572
2035.0;0.18848675;0.032842994;0.34736335
2036.0;0.19887567;0.036770023;0.364011
2037.0;0.20926459;0.04069705;0.38065863
2038.0;0.2196535;0.044624075;0.39730626
2039.0;0.23004243;0.0485511;0.41395393
2040.0;0.24043135;0.05247813;0.43060154
2041.0;0.2561691;0.06140103;0.4513202
2042.0;0.27190685;0.07032393;0.47203887
2043.0;0.2876446;0.07924683;0.49275753
2044.0;0.30338237;0.08816973;0.5134762
2045.0;0.31912008;0.09709263;0.5341948
2046.0;0.33485785;0.106015526;0.5549135
2047.0;0.3505956;0.11493842;0.57563215
2048.0;0.36633334;0.12386133;0.59635085
2049.0;0.3820711;0.13278423;0.61706954
2050.0;0.39780885;0.14170712;0.6377882
2051.0;0.4183163;0.15696733;0.66344845
2052.0;0.4388238;0.17222753;0.6891087
2053.0;0.45933124;0.18748777;0.71476895
2054.0;0.47983876;0.20274797;0.7404292
2055.0;0.5003462;0.21800818;0.7660895
2056.0;0.52085364;0.23326838;0.7917498
2057.0;0.54136115;0.2485286;0.81741005
2058.0;0.5618686;0.26378882;0.84307027
2059.0;0.58237606;0.279049;0.86873055
2060.0;0.6028835;0.29430923;0.8943908
2061.0;0.6286318;0.3127016;0.92621887
2062.0;0.65438014;0.33109403;0.9580469
2063.0;0.6801283;0.3494864;0.989875
2064.0;0.7058766;0.3678788;1.0217031
2065.0;0.7316249;0.38627118;1.0535312
2066.0;0.7573731;0.4046636;1.0853591
2067.0;0.7831214;0.42305598;1.1171873
2068.0;0.8088697;0.44144836;1.1490153
2069.0;0.834618;0.45984074;1.1808432
2070.0;0.8603662;0.47823316;1.2126714
2071.0;0.89232856;0.50143564;1.2497166
2072.0;0.92429096;0.52463806;1.2867622
2073.0;0.9562533;0.5478406;1.3238075
2074.0;0.9882157;0.571043;1.3608531
2075.0;1.0201781;0.5942455;1.3978983
2076.0;1.0521404;0.61744785;1.4349437
2077.0;1.0841027;0.6406504;1.471989
2078.0;1.116065;0.6638529;1.5090345
2079.0;1.1480274;0.68705523;1.5460799
2080.0;1.1799898;0.71025777;1.5831252
2081.0;1.2144431;0.7382167;1.6227325
2082.0;1.2488965;0.7661758;1.66234
2083.0;1.2833499;0.7941347;1.7019473
2084.0;1.3178033;0.82209367;1.741555
2085.0;1.3522564;0.8500526;1.7811623
2086.0;1.3867097;0.87801164;1.8207695
2087.0;1.4211631;0.9059706;1.8603771
2088.0;1.4556165;0.93392956;1.8999844
2089.0;1.4900697;0.96188855;1.9395918
2090.0;1.524523;0.98984754;1.9791992
2091.0;1.561191;1.022261;2.0229533
2092.0;1.5978591;1.0546745;2.0667076
2093.0;1.634527;1.0870881;2.1104617
2094.0;1.671195;1.1195017;2.1542158
2095.0;1.707863;1.1519151;2.1979697
2096.0;1.7445309;1.1843286;2.2417238
2097.0;1.7811989;1.2167422;2.285478
2098.0;1.8178669;1.2491556;2.3292322
2099.0;1.8545347;1.2815691;2.3729863
2100.0;1.8912028;1.3139827;2.4167404
2101.0;1.9283209;1.3409364;2.462604
2102.0;1.9654394;1.3678902;2.5084674
2103.0;2.0025575;1.3948439;2.554331
2104.0;2.039676;1.4217979;2.6001947
2105.0;2.0767941;1.4487514;2.646058
2106.0;2.1139126;1.4757053;2.6919217
2107.0;2.1510308;1.5026591;2.737785
2108.0;2.188149;1.5296128;2.7836487
2109.0;2.2252672;1.5565666;2.8295121
2110.0;2.2623856;1.5835204;2.8753757
2111.0;2.297881;1.6077377;2.9254317
2112.0;2.3333764;1.6319549;2.9754875
2113.0;2.3688722;1.6561723;3.0255435
2114.0;2.4043677;1.6803895;3.0755994
2115.0;2.4398627;1.7046068;3.1256552
2116.0;2.4753585;1.7288243;3.175711
2117.0;2.510854;1.7530414;3.225767
2118.0;2.5463493;1.7772586;3.275823
2119.0;2.5818448;1.801476;3.3258786
2120.0;2.6173403;1.8256932;3.3759346
2121.0;2.6495714;1.8440437;3.4368114
2122.0;2.681803;1.8623942;3.4976888
2123.0;2.714034;1.8807446;3.5585654
2124.0;2.7462656;1.8990952;3.6194425
2125.0;2.7784967;1.9174455;3.6803193
2126.0;2.810728;1.9357959;3.7411964
2127.0;2.8429594;1.9541464;3.8020732
2128.0;2.8751907;1.9724969;3.86295
2129.0;2.907422;1.9908473;3.9238272
2130.0;2.9396534;2.0091977;3.984704
2131.0;2.9684837;2.023949;4.052687
2132.0;2.997314;2.0387003;4.1206703
2133.0;3.026144;2.0534518;4.1886535
2134.0;3.0549746;2.068203;4.2566366
2135.0;3.0838046;2.0829542;4.3246202
2136.0;3.1126347;2.0977056;4.392603
2137.0;3.1414652;2.1124568;4.460586
2138.0;3.1702957;2.127208;4.528569
2139.0;3.1991258;2.1419594;4.596553
2140.0;3.227956;2.1567106;4.6645355
2141.0;3.2576294;2.1724186;4.7342257
2142.0;3.287303;2.1881268;4.803916
2143.0;3.316976;2.2038348;4.8736057
2144.0;3.3466494;2.2195427;4.943296
2145.0;3.3763227;2.2352507;5.012986
2146.0;3.4059963;2.2509587;5.0826764
2147.0;3.4356694;2.2666667;5.152366
2148.0;3.4653428;2.2823749;5.222057
2149.0;3.4950163;2.2980828;5.2917466
2150.0;3.5246897;2.3137908;5.3614364
