1994.0;-0.016672615
1995.0;-0.011379856
1996.0;-0.012558402
1997.0;-0.0032835894
1998.0;-0.0004160385
1999.0;-0.003388647
2000.0;-0.0024908085
2001.0;-0.0076066083
2002.0;-0.0005234184
2003.0;0.006249719
2004.0;0.007084529
2005.0;0.01287652
2006.0;0.007446167
2007.0;-0.0013703565
2008.0;0.015183984
2009.0;0.012734541
2010.0;0.013901838
2011.0;0.020293614
2012.0;0.020690849
2013.0;0.013541688
2014.0;0.02001032
2015.0;0.020978985
2016.0;0.036110397
2017.0;0.025363777
2018.0;0.027511286
2019.0;0.023428237
2020.0;0.033800032
