2020.0;0.0395651;0.009666485;0.06852566
2021.0;0.04547642;0.013555996;0.07713365
2022.0;0.05138775;0.017445508;0.085741654
2023.0;0.05729907;0.021335023;0.094349645
2024.0;0.06321039;0.025224533;0.10295764
2025.0;0.06912171;0.029114045;0.11156564
2026.0;0.07503304;0.033003557;0.12017364
2027.0;0.08094435;0.03689307;0.12878163
2028.0;0.08685567;0.040782582;0.13738963
2029.0;0.092767;0.044672094;0.14599761
2030.0;0.09867832;0.048561607;0.15460563
2031.0;0.106392495;0.054159418;0.16620761
2032.0;0.11410668;0.059757225;0.17780963
2033.0;0.121820845;0.06535504;0.18941163
2034.0;0.12953502;0.07095285;0.20101364
2035.0;0.13724919;0.07655066;0.21261562
2036.0;0.14496337;0.08214847;0.22421764
2037.0;0.15267754;0.08774628;0.23581962
2038.0;0.1603917;0.093344085;0.24742165
2039.0;0.16810589;0.0989419;0.2590236
2040.0;0.17582007;0.10453971;0.27062565
2041.0;0.18665911;0.11305547;0.28577393
2042.0;0.1974982;0.12157122;0.30092224
2043.0;0.20833726;0.13008697;0.31607053
2044.0;0.21917634;0.13860273;0.33121884
2045.0;0.2300154;0.14711848;0.34636712
2046.0;0.24085446;0.15563425;0.36151543
2047.0;0.25169352;0.16415;0.37666368
2048.0;0.2625326;0.17266576;0.39181203
2049.0;0.27337164;0.18118152;0.4069603
2050.0;0.2842107;0.18969727;0.42210862
2051.0;0.29952422;0.20067734;0.43998596
2052.0;0.31483772;0.2116574;0.45786336
2053.0;0.3301513;0.22263747;0.47574073
2054.0;0.3454648;0.23361756;0.49361813
2055.0;0.3607783;0.24459761;0.5114955
2056.0;0.3760918;0.25557765;0.5293729
2057.0;0.3914053;0.26655775;0.5472503
2058.0;0.40671882;0.27753782;0.5651276
2059.0;0.42203236;0.2885179;0.583005
2060.0;0.43734586;0.29949796;0.6008824
2061.0;0.45678356;0.31216782;0.62153816
2062.0;0.4762213;0.3248377;0.642194
2063.0;0.495659;0.33750758;0.6628498
2064.0;0.5150967;0.35017747;0.6835056
2065.0;0.5345344;0.36284733;0.7041614
2066.0;0.5539722;0.3755172;0.72481716
2067.0;0.5734099;0.38818708;0.74547297
2068.0;0.5928476;0.40085697;0.7661288
2069.0;0.6122853;0.4135268;0.7867845
2070.0;0.63172305;0.4261967;0.80744034
2071.0;0.6540827;0.4439024;0.83227426
2072.0;0.6764424;0.4616082;0.85710824
2073.0;0.6988021;0.47931394;0.88194203
2074.0;0.7211617;0.49701968;0.906776
2075.0;0.7435215;0.5147254;0.93160987
2076.0;0.7658812;0.5324311;0.9564437
2077.0;0.78824085;0.5501369;0.9812776
2078.0;0.8106005;0.56784266;1.0061116
2079.0;0.8329602;0.5855484;1.0309454
2080.0;0.85531986;0.60325414;1.0557793
2081.0;0.8796671;0.62290114;1.0815657
2082.0;0.9040144;0.64254814;1.1073523
2083.0;0.9283617;0.6621952;1.1331387
2084.0;0.95270884;0.68184215;1.1589253
2085.0;0.97705615;0.70148915;1.1847117
2086.0;1.0014033;0.72113615;1.2104983
2087.0;1.0257506;0.7407832;1.2362846
2088.0;1.050098;0.76043016;1.2620713
2089.0;1.074445;0.7800772;1.2878577
2090.0;1.0987923;0.79972416;1.3136442
2091.0;1.1264019;0.81797266;1.3415128
2092.0;1.1540114;0.8362212;1.3693817
2093.0;1.181621;0.8544697;1.3972504
2094.0;1.2092304;0.87271816;1.4251192
2095.0;1.23684;0.89096665;1.4529878
2096.0;1.2644495;0.90921515;1.4808567
2097.0;1.292059;0.92746365;1.5087253
2098.0;1.3196684;0.9457121;1.536594
2099.0;1.3472781;0.9639606;1.5644629
2100.0;1.3748876;0.9822091;1.5923315
