2020.0;0.054986868;-0.017962456;0.12660877
2021.0;0.059701756;-0.018068012;0.13595183
2022.0;0.06441664;-0.01817357;0.14529489
2023.0;0.06913152;-0.018279128;0.15463793
2024.0;0.073846415;-0.018384686;0.163981
2025.0;0.07856129;-0.018490242;0.17332405
2026.0;0.08327618;-0.018595798;0.18266712
2027.0;0.087991074;-0.018701356;0.19201016
2028.0;0.09270596;-0.018806914;0.2013532
2029.0;0.097420834;-0.01891247;0.21069627
2030.0;0.102135725;-0.019018028;0.22003932
2031.0;0.10729128;-0.018596346;0.22969882
2032.0;0.112446845;-0.018174667;0.23935832
2033.0;0.1176024;-0.017752985;0.24901782
2034.0;0.122757964;-0.017331304;0.25867733
2035.0;0.12791352;-0.016909624;0.26833683
2036.0;0.13306908;-0.016487941;0.2779963
2037.0;0.13822465;-0.01606626;0.28765583
2038.0;0.14338021;-0.01564458;0.2973153
2039.0;0.14853576;-0.0152229;0.3069748
2040.0;0.15369132;-0.014801219;0.3166343
2041.0;0.15917;-0.013660585;0.32624605
2042.0;0.1646487;-0.012519952;0.33585787
2043.0;0.17012738;-0.011379316;0.34546965
2044.0;0.17560607;-0.010238683;0.3550814
2045.0;0.18108475;-0.009098049;0.3646932
2046.0;0.18656345;-0.007957415;0.37430498
2047.0;0.19204213;-0.0068167807;0.38391677
2048.0;0.19752082;-0.0056761466;0.39352855
2049.0;0.20299952;-0.0045355125;0.40314034
2050.0;0.2084782;-0.0033948785;0.4127521
2051.0;0.21374041;-0.002394745;0.4223117
2052.0;0.21900263;-0.0013946119;0.4318713
2053.0;0.22426486;-0.00039447856;0.4414309
2054.0;0.22952707;0.0006056545;0.45099047
2055.0;0.23478928;0.0016057878;0.46055004
2056.0;0.24005151;0.0026059214;0.47010964
2057.0;0.24531372;0.0036060538;0.47966924
2058.0;0.25057593;0.004606188;0.48922884
2059.0;0.25583816;0.00560632;0.49878842
2060.0;0.26110038;0.006606454;0.50834805
2061.0;0.26626453;0.0073837987;0.5180742
2062.0;0.27142867;0.008161143;0.52780056
2063.0;0.27659282;0.008938488;0.5375267
2064.0;0.281757;0.009715833;0.54725295
2065.0;0.28692114;0.010493177;0.5569792
2066.0;0.29208526;0.011270521;0.56670547
2067.0;0.2972494;0.012047865;0.57643163
2068.0;0.30241358;0.0128252115;0.5861579
2069.0;0.30757773;0.013602556;0.59588414
2070.0;0.31274188;0.0143799;0.6056104
2071.0;0.31837878;0.015759245;0.6155909
2072.0;0.3240157;0.01713859;0.6255714
2073.0;0.32965264;0.018517934;0.63555187
2074.0;0.33528954;0.01989728;0.6455324
2075.0;0.34092644;0.021276623;0.6555129
2076.0;0.3465634;0.022655968;0.6654934
2077.0;0.35220033;0.024035312;0.6754739
2078.0;0.35783723;0.025414659;0.6854545
2079.0;0.36347416;0.026794003;0.6954349
2080.0;0.36911106;0.028173348;0.7054155
2081.0;0.37515146;0.029742565;0.71602523
2082.0;0.3811919;0.031311784;0.72663504
2083.0;0.3872323;0.032881;0.7372447
2084.0;0.3932727;0.034450218;0.7478545
2085.0;0.39931312;0.03601944;0.7584642
2086.0;0.40535352;0.037588656;0.76907396
2087.0;0.4113939;0.039157875;0.7796837
2088.0;0.41743436;0.040727094;0.79029346
2089.0;0.42347473;0.04229631;0.80090326
2090.0;0.42951515;0.043865528;0.811513
2091.0;0.43555915;0.044661127;0.82283705
2092.0;0.44160315;0.045456726;0.83416104
2093.0;0.44764712;0.04625232;0.8454851
2094.0;0.4536911;0.04704792;0.8568092
2095.0;0.4597351;0.047843516;0.86813325
2096.0;0.4657791;0.048639115;0.8794573
2097.0;0.47182307;0.049434714;0.89078134
2098.0;0.47786707;0.050230313;0.9021054
2099.0;0.48391104;0.05102591;0.91342944
2100.0;0.489955;0.051821508;0.9247535
