2020.0;0.03947849;-0.028966436;0.11059311
2021.0;0.04374052;-0.029209245;0.11914511
2022.0;0.04800255;-0.029452056;0.12769713
2023.0;0.05226457;-0.029694865;0.13624913
2024.0;0.056526605;-0.029937675;0.14480112
2025.0;0.060788628;-0.030180484;0.15335314
2026.0;0.06505066;-0.030423295;0.16190514
2027.0;0.069312684;-0.030666104;0.17045714
2028.0;0.073574714;-0.030908912;0.17900915
2029.0;0.077836744;-0.031151721;0.18756114
2030.0;0.08209877;-0.03139453;0.19611315
2031.0;0.08611324;-0.032127816;0.20511198
2032.0;0.0901277;-0.0328611;0.21411085
2033.0;0.09414217;-0.033594385;0.22310968
2034.0;0.09815664;-0.03432767;0.23210853
2035.0;0.10217109;-0.03506095;0.24110737
2036.0;0.10618556;-0.035794236;0.25010625
2037.0;0.11020003;-0.03652752;0.2591051
2038.0;0.1142145;-0.037260808;0.2681039
2039.0;0.118228965;-0.03799409;0.27710274
2040.0;0.122243434;-0.038727377;0.28610158
2041.0;0.12614483;-0.038682338;0.2938131
2042.0;0.13004623;-0.038637307;0.30152467
2043.0;0.13394763;-0.03859227;0.30923623
2044.0;0.13784903;-0.038547233;0.31694776
2045.0;0.14175043;-0.038502198;0.3246593
2046.0;0.14565183;-0.038457163;0.33237085
2047.0;0.14955322;-0.038412124;0.3400824
2048.0;0.15345462;-0.038367093;0.3477939
2049.0;0.15735602;-0.038322058;0.35550547
2050.0;0.16125742;-0.03827702;0.363217
2051.0;0.1648306;-0.038709484;0.37096092
2052.0;0.16840377;-0.03914195;0.37870482
2053.0;0.17197695;-0.039574414;0.38644874
2054.0;0.17555013;-0.04000688;0.39419264
2055.0;0.17912333;-0.040439337;0.40193653
2056.0;0.1826965;-0.040871806;0.40968043
2057.0;0.18626969;-0.041304268;0.41742432
2058.0;0.18984286;-0.041736733;0.42516822
2059.0;0.19341604;-0.0421692;0.4329121
2060.0;0.19698922;-0.04260166;0.440656
2061.0;0.19992925;-0.043977212;0.4482877
2062.0;0.20286927;-0.045352764;0.4559194
2063.0;0.20580928;-0.046728317;0.46355107
2064.0;0.2087493;-0.048103865;0.4711828
2065.0;0.21168932;-0.049479418;0.47881445
2066.0;0.21462934;-0.050854966;0.48644614
2067.0;0.21756935;-0.05223052;0.49407783
2068.0;0.22050937;-0.053606067;0.5017095
2069.0;0.22344938;-0.054981615;0.50934124
2070.0;0.22638941;-0.05635717;0.5169729
2071.0;0.22859785;-0.058186684;0.5233134
2072.0;0.2308063;-0.060016204;0.5296539
2073.0;0.23301476;-0.061845724;0.53599447
2074.0;0.2352232;-0.06367524;0.542335
2075.0;0.23743166;-0.06550475;0.5486755
2076.0;0.2396401;-0.06733427;0.555016
2077.0;0.24184856;-0.069163784;0.5613565
2078.0;0.244057;-0.070993304;0.56769705
2079.0;0.24626546;-0.072822824;0.57403755
2080.0;0.24847391;-0.07465234;0.58037806
2081.0;0.2510045;-0.07614633;0.5874359
2082.0;0.2535351;-0.07764032;0.5944939
2083.0;0.25606567;-0.07913431;0.60155183
2084.0;0.25859627;-0.0806283;0.60860974
2085.0;0.2611269;-0.08212228;0.6156677
2086.0;0.26365748;-0.08361628;0.62272567
2087.0;0.26618806;-0.08511027;0.6297836
2088.0;0.26871866;-0.08660425;0.6368415
2089.0;0.27124926;-0.08809824;0.64389944
2090.0;0.27377984;-0.08959224;0.65095735
2091.0;0.27673328;-0.091617696;0.6595089
2092.0;0.27968672;-0.09364317;0.66806054
2093.0;0.28264013;-0.09566864;0.6766122
2094.0;0.28559357;-0.09769411;0.6851638
2095.0;0.288547;-0.09971958;0.69371533
2096.0;0.29150042;-0.10174504;0.702267
2097.0;0.29445386;-0.1037705;0.7108186
2098.0;0.29740727;-0.10579597;0.7193702
2099.0;0.30036068;-0.107821435;0.72792184
2100.0;0.30331412;-0.1098469;0.7364734
