2020.0;0.065054566;-0.011971589;0.13453993
2021.0;0.07025653;-0.0116370255;0.14444138
2022.0;0.075458504;-0.011302463;0.15434282
2023.0;0.08066048;-0.010967899;0.16424426
2024.0;0.08586244;-0.010633336;0.17414571
2025.0;0.09106441;-0.010298772;0.18404715
2026.0;0.096266374;-0.009964209;0.19394858
2027.0;0.10146835;-0.009629644;0.20385002
2028.0;0.10667031;-0.009295082;0.21375148
2029.0;0.11187228;-0.008960518;0.22365291
2030.0;0.11707425;-0.008625954;0.23355435
2031.0;0.123310655;-0.0074338634;0.24467376
2032.0;0.12954707;-0.0062417723;0.25579318
2033.0;0.13578348;-0.005049681;0.26691258
2034.0;0.1420199;-0.0038575898;0.27803198
2035.0;0.14825629;-0.0026654983;0.28915137
2036.0;0.1544927;-0.0014734068;0.30027083
2037.0;0.16072911;-0.0002813158;0.3113902
2038.0;0.16696551;0.0009107757;0.32250962
2039.0;0.17320193;0.0021028665;0.333629
2040.0;0.17943834;0.003294958;0.3447484
2041.0;0.18716854;0.0060426416;0.3573135
2042.0;0.19489872;0.008790326;0.3698786
2043.0;0.20262891;0.01153801;0.38244373
2044.0;0.21035911;0.014285694;0.39500883
2045.0;0.2180893;0.017033376;0.4075739
2046.0;0.22581948;0.01978106;0.420139
2047.0;0.23354968;0.022528743;0.4327041
2048.0;0.24127987;0.025276428;0.4452692
2049.0;0.24901007;0.028024111;0.4578343
2050.0;0.25674027;0.030771796;0.47039938
2051.0;0.26554453;0.03467953;0.48413572
2052.0;0.2743488;0.038587265;0.49787205
2053.0;0.28315306;0.042494997;0.51160836
2054.0;0.29195732;0.046402734;0.5253447
2055.0;0.30076158;0.050310466;0.539081
2056.0;0.3095658;0.0542182;0.55281734
2057.0;0.31837007;0.05812593;0.56655365
2058.0;0.32717434;0.06203367;0.58028996
2059.0;0.3359786;0.0659414;0.5940263
2060.0;0.34478286;0.06984913;0.60776263
2061.0;0.35525426;0.07475022;0.62333447
2062.0;0.36572567;0.07965131;0.63890636
2063.0;0.37619707;0.0845524;0.6544782
2064.0;0.3866685;0.08945349;0.67005
2065.0;0.3971399;0.09435458;0.685622
2066.0;0.40761128;0.09925566;0.7011938
2067.0;0.4180827;0.104156755;0.71676564
2068.0;0.42855412;0.109057836;0.73233753
2069.0;0.43902552;0.11395893;0.74790937
2070.0;0.44949692;0.118860014;0.7634812
2071.0;0.46270922;0.1265353;0.7811442
2072.0;0.47592157;0.13421057;0.79880726
2073.0;0.4891339;0.14188585;0.81647027
2074.0;0.5023462;0.14956112;0.8341333
2075.0;0.51555854;0.1572364;0.8517963
2076.0;0.52877086;0.16491169;0.86945933
2077.0;0.5419832;0.17258696;0.8871224
2078.0;0.5551955;0.18026224;0.9047854
2079.0;0.56840783;0.18793751;0.9224484
2080.0;0.58162016;0.19561279;0.94011146
2081.0;0.5981682;0.20708664;0.9606569
2082.0;0.6147163;0.2185605;0.9812023
2083.0;0.6312643;0.23003437;1.0017477
2084.0;0.64781237;0.24150822;1.0222932
2085.0;0.66436046;0.25298205;1.0428386
2086.0;0.6809085;0.2644559;1.063384
2087.0;0.69745654;0.27592978;1.0839294
2088.0;0.71400464;0.28740358;1.1044749
2089.0;0.73055273;0.29887748;1.1250203
2090.0;0.7471008;0.3103513;1.1455657
2091.0;0.76649916;0.32253334;1.1708895
2092.0;0.78589743;0.3347153;1.1962134
2093.0;0.80529577;0.3468973;1.2215371
2094.0;0.8246942;0.3590793;1.2468609
2095.0;0.84409255;0.3712613;1.2721846
2096.0;0.8634908;0.3834433;1.2975085
2097.0;0.8828892;0.39562526;1.3228321
2098.0;0.9022876;0.4078073;1.348156
2099.0;0.92168593;0.41998926;1.3734797
2100.0;0.94108427;0.43217126;1.3988035
