2020.0;-0.12167319;-0.1902203;-0.05051223
2021.0;-0.122248955;-0.19532676;-0.04673994
2022.0;-0.12282473;-0.20043325;-0.042967655
2023.0;-0.12340048;-0.20553973;-0.039195362
2024.0;-0.12397626;-0.21064621;-0.035423078
2025.0;-0.12455203;-0.21575269;-0.03165079
2026.0;-0.12512779;-0.22085916;-0.027878499
2027.0;-0.12570356;-0.22596565;-0.02410621
2028.0;-0.12627932;-0.23107213;-0.020333922
2029.0;-0.12685509;-0.23617862;-0.016561635
2030.0;-0.12743086;-0.2412851;-0.012789344
2031.0;-0.12749906;-0.24584535;-0.008328408
2032.0;-0.12756725;-0.2504056;-0.0038674711
2033.0;-0.12763543;-0.25496584;0.0005934658
2034.0;-0.12770362;-0.25952613;0.0050544017
2035.0;-0.12777181;-0.26408637;0.009515339
2036.0;-0.12784;-0.2686466;0.013976277
2037.0;-0.12790819;-0.27320686;0.018437212
2038.0;-0.12797637;-0.27776712;0.022898149
2039.0;-0.12804458;-0.28232735;0.027359085
2040.0;-0.12811276;-0.28688765;0.03182002
2041.0;-0.12836389;-0.2916855;0.03590371
2042.0;-0.12861502;-0.29648337;0.039987396
2043.0;-0.12886615;-0.3012812;0.044071082
2044.0;-0.12911728;-0.3060791;0.04815477
2045.0;-0.12936841;-0.31087697;0.052238457
2046.0;-0.12961954;-0.3156748;0.056322142
2047.0;-0.12987067;-0.3204727;0.06040583
2048.0;-0.1301218;-0.32527056;0.06448951
2049.0;-0.13037293;-0.3300684;0.0685732
2050.0;-0.13062406;-0.3348663;0.07265689
2051.0;-0.13080983;-0.33942258;0.077023506
2052.0;-0.1309956;-0.34397894;0.081390135
2053.0;-0.13118137;-0.3485352;0.08575674
2054.0;-0.13136716;-0.35309154;0.09012337
2055.0;-0.13155292;-0.35764787;0.09448999
2056.0;-0.1317387;-0.36220416;0.098856606
2057.0;-0.13192447;-0.3667605;0.10322323
2058.0;-0.13211024;-0.37131682;0.10758985
2059.0;-0.13229603;-0.37587315;0.11195648
2060.0;-0.1324818;-0.38042945;0.11632309
2061.0;-0.13306144;-0.38540083;0.120330445
2062.0;-0.13364108;-0.3903722;0.12433779
2063.0;-0.13422073;-0.39534354;0.12834515
2064.0;-0.13480037;-0.40031493;0.13235249
2065.0;-0.13538;-0.40528628;0.13635984
2066.0;-0.13595966;-0.41025764;0.14036721
2067.0;-0.13653931;-0.41522902;0.14437455
2068.0;-0.13711894;-0.42020038;0.1483819
2069.0;-0.13769858;-0.42517176;0.15238926
2070.0;-0.13827823;-0.43014312;0.15639661
2071.0;-0.13913482;-0.43552253;0.15993074
2072.0;-0.13999142;-0.44090194;0.16346487
2073.0;-0.14084804;-0.44628134;0.16699901
2074.0;-0.14170463;-0.45166075;0.17053314
2075.0;-0.14256123;-0.45704016;0.17406727
2076.0;-0.14341784;-0.46241957;0.17760141
2077.0;-0.14427443;-0.46779895;0.18113554
2078.0;-0.14513104;-0.4731784;0.18466967
2079.0;-0.14598763;-0.47855774;0.18820381
2080.0;-0.14684424;-0.48393717;0.19173795
2081.0;-0.14712128;-0.48848397;0.19628242
2082.0;-0.14739835;-0.49303085;0.2008269
2083.0;-0.14767538;-0.49757764;0.20537135
2084.0;-0.14795244;-0.5021245;0.20991583
2085.0;-0.1482295;-0.5066713;0.2144603
2086.0;-0.14850655;-0.51121813;0.21900478
2087.0;-0.1487836;-0.51576495;0.22354923
2088.0;-0.14906064;-0.52031183;0.22809371
2089.0;-0.14933771;-0.52485865;0.23263817
2090.0;-0.14961475;-0.5294055;0.23718265
2091.0;-0.1499137;-0.5346844;0.24231803
2092.0;-0.15021262;-0.5399635;0.24745347
2093.0;-0.15051156;-0.5452425;0.25258887
2094.0;-0.15081051;-0.55052155;0.25772431
2095.0;-0.15110944;-0.55580056;0.26285967
2096.0;-0.15140839;-0.56107956;0.2679951
2097.0;-0.15170732;-0.56635857;0.2731305
2098.0;-0.15200625;-0.57163763;0.2782659
2099.0;-0.15230519;-0.57691664;0.2834013
2100.0;-0.15260415;-0.5821957;0.28853673
