2020.0;-0.12172597;-0.14577246;-0.09421501
2021.0;-0.11988177;-0.14613734;-0.08964492
2022.0;-0.1180376;-0.14650224;-0.085074805
2023.0;-0.11619341;-0.14686713;-0.08050471
2024.0;-0.11434923;-0.14723203;-0.07593461
2025.0;-0.11250503;-0.14759693;-0.0713645
2026.0;-0.11066084;-0.14796181;-0.066794395
2027.0;-0.10881667;-0.1483267;-0.062224295
2028.0;-0.10697247;-0.1486916;-0.0576542
2029.0;-0.10512829;-0.1490565;-0.05308409
2030.0;-0.103284106;-0.14942136;-0.048513994
2031.0;-0.09815971;-0.14760189;-0.03891201
2032.0;-0.093035325;-0.14578241;-0.029310033
2033.0;-0.087910935;-0.14396292;-0.01970805
2034.0;-0.082786545;-0.14214343;-0.010106072
2035.0;-0.077662155;-0.14032394;-0.00050408934
2036.0;-0.072537765;-0.13850446;0.009097893
2037.0;-0.067413375;-0.13668497;0.018699871
2038.0;-0.062288985;-0.1348655;0.028301854
2039.0;-0.0571646;-0.133046;0.03790383
2040.0;-0.052040208;-0.13122651;0.047505815
2041.0;-0.041723426;-0.12365423;0.06278571
2042.0;-0.03140665;-0.11608195;0.078065604
2043.0;-0.021089863;-0.10850967;0.09334551
2044.0;-0.010773087;-0.1009374;0.1086254
2045.0;-0.00045630644;-0.0933651;0.123905286
2046.0;0.009860476;-0.08579282;0.13918518
2047.0;0.020177253;-0.078220546;0.15446508
2048.0;0.030494036;-0.07064825;0.16974498
2049.0;0.04081081;-0.063075975;0.18502486
2050.0;0.051127594;-0.055503692;0.20030476
2051.0;0.068054855;-0.04313179;0.21964435
2052.0;0.08498212;-0.030759884;0.23898397
2053.0;0.10190938;-0.018387979;0.25832355
2054.0;0.11883664;-0.006016077;0.27766314
2055.0;0.13576388;0.006355827;0.29700273
2056.0;0.15269116;0.018727735;0.31634235
2057.0;0.16961841;0.031099636;0.33568195
2058.0;0.18654568;0.043471538;0.35502154
2059.0;0.20347293;0.055843443;0.37436116
2060.0;0.2204002;0.06821535;0.39370075
2061.0;0.2444624;0.08474616;0.41807202
2062.0;0.26852462;0.10127699;0.44244337
2063.0;0.29258683;0.11780781;0.46681464
2064.0;0.31664905;0.13433862;0.49118596
2065.0;0.34071124;0.15086944;0.5155572
2066.0;0.36477345;0.16740027;0.5399286
2067.0;0.38883564;0.18393108;0.5642999
2068.0;0.41289788;0.2004619;0.58867115
2069.0;0.43696007;0.21699272;0.6130424
2070.0;0.4610223;0.23352355;0.63741374
2071.0;0.48999357;0.25856155;0.6660819
2072.0;0.5189649;0.2835996;0.69475013
2073.0;0.54793614;0.30863756;0.72341835
2074.0;0.57690746;0.3336756;0.7520865
2075.0;0.6058788;0.35871363;0.7807546
2076.0;0.6348501;0.38375166;0.80942285
2077.0;0.66382134;0.40878963;0.838091
2078.0;0.69279265;0.43382767;0.86675924
2079.0;0.7217639;0.45886567;0.89542735
2080.0;0.7507352;0.48390368;0.9240956
2081.0;0.7809211;0.5146448;0.95598394
2082.0;0.81110704;0.54538584;0.98787236
2083.0;0.8412929;0.57612693;1.0197607
2084.0;0.8714788;0.606868;1.0516492
2085.0;0.9016647;0.6376091;1.0835376
2086.0;0.9318506;0.6683502;1.115426
2087.0;0.96203643;0.6990913;1.1473143
2088.0;0.99222237;0.7298324;1.1792028
2089.0;1.0224082;0.76057345;1.211091
2090.0;1.0525941;0.79131454;1.2429795
2091.0;1.0871366;0.8229854;1.2790618
2092.0;1.1216792;0.8546564;1.3151441
2093.0;1.1562216;0.88632727;1.3512264
2094.0;1.1907644;0.9179982;1.3873087
2095.0;1.2253069;0.94966906;1.423391
2096.0;1.2598493;0.98134;1.4594734
2097.0;1.2943919;1.013011;1.4955556
2098.0;1.3289344;1.0446819;1.5316379
2099.0;1.3634769;1.0763528;1.5677202
2100.0;1.3980196;1.1080236;1.6038024
