2020.0;-0.12172597;-0.14811856;-0.09407906
2021.0;-0.12055003;-0.148315;-0.09060509
2022.0;-0.1193741;-0.14851144;-0.08713111
2023.0;-0.11819816;-0.14870788;-0.08365714
2024.0;-0.11702223;-0.14890432;-0.080183156
2025.0;-0.115846284;-0.14910075;-0.07670917
2026.0;-0.11467035;-0.1492972;-0.0732352
2027.0;-0.11349442;-0.14949362;-0.069761224
2028.0;-0.11231848;-0.14969006;-0.06628725
2029.0;-0.11114254;-0.1498865;-0.06281327
2030.0;-0.109966606;-0.15008295;-0.059339292
2031.0;-0.10689334;-0.14868486;-0.052294392
2032.0;-0.1038201;-0.1472868;-0.045249496
2033.0;-0.10074683;-0.14588872;-0.0382046
2034.0;-0.09767359;-0.14449066;-0.031159705
2035.0;-0.09460033;-0.14309257;-0.024114804
2036.0;-0.09152707;-0.1416945;-0.017069906
2037.0;-0.088453814;-0.14029641;-0.010025013
2038.0;-0.085380554;-0.13889836;-0.002980113
2039.0;-0.082307294;-0.13750027;0.004064781
2040.0;-0.07923404;-0.1361022;0.01110968
2041.0;-0.0725186;-0.1318448;0.02243875
2042.0;-0.06580317;-0.12758741;0.03376782
2043.0;-0.05908773;-0.123330005;0.04509689
2044.0;-0.0523723;-0.11907261;0.05642596
2045.0;-0.045656864;-0.114815205;0.06775503
2046.0;-0.038941424;-0.11055782;0.0790841
2047.0;-0.032225993;-0.10630041;0.09041316
2048.0;-0.025510559;-0.10204302;0.10174224
2049.0;-0.018795123;-0.097785614;0.11307131
2050.0;-0.012079689;-0.09352821;0.12440038
2051.0;-0.00089681055;-0.087250486;0.13839751
2052.0;0.010286066;-0.08097277;0.15239468
2053.0;0.021468945;-0.07469504;0.16639185
2054.0;0.03265182;-0.068417326;0.180389
2055.0;0.043834697;-0.062139604;0.19438617
2056.0;0.05501758;-0.05586188;0.20838332
2057.0;0.06620045;-0.04958416;0.22238047
2058.0;0.07738333;-0.043306436;0.23637763
2059.0;0.0885662;-0.03702872;0.2503748
2060.0;0.09974908;-0.030750992;0.26437196
2061.0;0.11445591;-0.022635391;0.28102443
2062.0;0.12916274;-0.014519794;0.29767686
2063.0;0.14386956;-0.006404194;0.31432933
2064.0;0.1585764;0.0017114048;0.33098176
2065.0;0.17328323;0.009827004;0.34763423
2066.0;0.18799005;0.017942604;0.3642867
2067.0;0.20269689;0.026058199;0.38093913
2068.0;0.21740371;0.034173805;0.3975916
2069.0;0.23211053;0.0422894;0.41424403
2070.0;0.24681737;0.050405;0.4308965
2071.0;0.2645158;0.06459341;0.45135573
2072.0;0.28221422;0.07878183;0.471815
2073.0;0.29991266;0.092970245;0.49227422
2074.0;0.3176111;0.10715866;0.5127335
2075.0;0.33530954;0.12134707;0.53319275
2076.0;0.35300797;0.1355355;0.553652
2077.0;0.3707064;0.1497239;0.5741113
2078.0;0.38840482;0.16391231;0.5945705
2079.0;0.40610325;0.17810072;0.6150298
2080.0;0.4238017;0.19228914;0.635489
2081.0;0.44367635;0.20782752;0.6565501
2082.0;0.46355104;0.2233659;0.67761123
2083.0;0.48342574;0.2389043;0.6986723
2084.0;0.5033004;0.2544427;0.7197334
2085.0;0.5231751;0.26998106;0.7407944
2086.0;0.5430498;0.28551945;0.7618556
2087.0;0.5629245;0.30105785;0.78291667
2088.0;0.58279914;0.3165962;0.8039777
2089.0;0.6026738;0.33213457;0.8250388
2090.0;0.6225485;0.34767297;0.8460999
2091.0;0.6465628;0.36115414;0.86806864
2092.0;0.67057717;0.37463534;0.8900375
2093.0;0.6945914;0.38811648;0.9120062
2094.0;0.71860576;0.40159765;0.933975
2095.0;0.7426201;0.41507882;0.9559437
2096.0;0.7666344;0.42856;0.97791255
2097.0;0.7906487;0.44204113;0.9998813
2098.0;0.81466305;0.45552233;1.02185
2099.0;0.83867735;0.4690035;1.0438188
2100.0;0.86269164;0.48248467;1.0657876
