2020.0;-0.12205452;-0.14746086;-0.09481088
2021.0;-0.12179755;-0.14774153;-0.09367985
2022.0;-0.12154057;-0.14802223;-0.09254883
2023.0;-0.12128358;-0.14830291;-0.091417804
2024.0;-0.12102661;-0.1485836;-0.090286784
2025.0;-0.120769635;-0.14886428;-0.08915575
2026.0;-0.12051265;-0.14914496;-0.08802472
2027.0;-0.12025568;-0.14942564;-0.0868937
2028.0;-0.1199987;-0.14970633;-0.08576267
2029.0;-0.11974172;-0.14998701;-0.08463164
2030.0;-0.11948475;-0.1502677;-0.083500616
2031.0;-0.1180722;-0.14984754;-0.08043852
2032.0;-0.116659656;-0.1494274;-0.07737642
2033.0;-0.1152471;-0.14900723;-0.07431432
2034.0;-0.11383457;-0.14858708;-0.07125222
2035.0;-0.11242201;-0.14816692;-0.06819012
2036.0;-0.11100946;-0.14774679;-0.06512801
2037.0;-0.10959692;-0.14732663;-0.062065918
2038.0;-0.108184375;-0.14690647;-0.059003815
2039.0;-0.10677183;-0.14648633;-0.055941716
2040.0;-0.10535928;-0.14606616;-0.052879617
2041.0;-0.10253566;-0.14419824;-0.047886573
2042.0;-0.099712044;-0.14233032;-0.042893536
2043.0;-0.09688843;-0.14046241;-0.037900496
2044.0;-0.0940648;-0.1385945;-0.032907456
2045.0;-0.09124118;-0.13672657;-0.027914418
2046.0;-0.08841757;-0.13485865;-0.022921378
2047.0;-0.08559395;-0.13299073;-0.017928338
2048.0;-0.082770325;-0.13112281;-0.012935298
2049.0;-0.07994671;-0.12925489;-0.00794226
2050.0;-0.07712309;-0.12738699;-0.0029492187
2051.0;-0.07316094;-0.12498497;0.0036330428
2052.0;-0.069198795;-0.12258297;0.010215305
2053.0;-0.06523664;-0.12018096;0.016797567
2054.0;-0.06127449;-0.11777895;0.023379827
2055.0;-0.057312336;-0.11537693;0.029962089
2056.0;-0.05335018;-0.11297491;0.036544353
2057.0;-0.049388032;-0.110572904;0.043126613
2058.0;-0.04542588;-0.1081709;0.049708873
2059.0;-0.04146373;-0.10576888;0.056291133
2060.0;-0.03750158;-0.103366874;0.0628734
2061.0;-0.032352664;-0.09997452;0.07082305
2062.0;-0.027203754;-0.096582174;0.078772716
2063.0;-0.02205484;-0.09318982;0.086722374
2064.0;-0.016905928;-0.08979747;0.09467203
2065.0;-0.011757015;-0.08640512;0.10262169
2066.0;-0.006608101;-0.08301277;0.11057135
2067.0;-0.0014591904;-0.07962041;0.118521005
2068.0;0.0036897245;-0.07622806;0.12647067
2069.0;0.008838635;-0.07283571;0.13442032
2070.0;0.013987549;-0.06944336;0.14236999
2071.0;0.022522956;-0.062992066;0.15224412
2072.0;0.031058365;-0.05654078;0.16211829
2073.0;0.03959377;-0.05008949;0.17199244
2074.0;0.048129182;-0.0436382;0.18186659
2075.0;0.05666459;-0.03718691;0.19174074
2076.0;0.06519999;-0.030735618;0.2016149
2077.0;0.07373541;-0.02428433;0.21148905
2078.0;0.082270816;-0.01783304;0.2213632
2079.0;0.09080622;-0.01138175;0.23123734
2080.0;0.09934163;-0.004930458;0.2411115
2081.0;0.11206404;0.00521717;0.25208315
2082.0;0.12478645;0.015364798;0.26305485
2083.0;0.13750887;0.025512427;0.27402648
2084.0;0.15023129;0.035660055;0.28499818
2085.0;0.16295369;0.045807682;0.2959698
2086.0;0.1756761;0.05595531;0.30694148
2087.0;0.18839851;0.06610294;0.31791314
2088.0;0.20112094;0.07625057;0.3288848
2089.0;0.21384332;0.086398184;0.33985645
2090.0;0.22656575;0.09654582;0.3508281
2091.0;0.24256498;0.10518773;0.36839414
2092.0;0.25856423;0.113829635;0.3859602
2093.0;0.2745635;0.12247154;0.40352622
2094.0;0.2905627;0.13111345;0.42109224
2095.0;0.30656192;0.13975535;0.43865827
2096.0;0.32256114;0.14839727;0.4562243
2097.0;0.3385604;0.15703917;0.47379032
2098.0;0.35455963;0.16568108;0.49135634
2099.0;0.37055886;0.17432298;0.50892234
2100.0;0.38655812;0.18296489;0.5264884
