2020.0;0.08575246;0.053605136;0.14374387
2021.0;0.08942205;0.055200692;0.15130699
2022.0;0.09309165;0.056796245;0.15887012
2023.0;0.09676125;0.0583918;0.16643326
2024.0;0.100430846;0.05998736;0.17399639
2025.0;0.10410045;0.061582908;0.1815595
2026.0;0.10777004;0.063178465;0.18912263
2027.0;0.111439645;0.064774014;0.19668576
2028.0;0.115109235;0.06636958;0.2042489
2029.0;0.11877884;0.06796513;0.21181203
2030.0;0.12244843;0.069560684;0.21937515
2031.0;0.12640686;0.0715406;0.22693084
2032.0;0.1303653;0.07352053;0.23448652
2033.0;0.13432373;0.07550044;0.24204221
2034.0;0.13828216;0.07748036;0.2495979
2035.0;0.1422406;0.07946028;0.2571536
2036.0;0.14619903;0.0814402;0.2647093
2037.0;0.15015745;0.08342012;0.27226496
2038.0;0.15411589;0.08540004;0.27982065
2039.0;0.15807432;0.08737996;0.28737634
2040.0;0.16203275;0.08935988;0.29493204
2041.0;0.16618323;0.09183938;0.3022299
2042.0;0.17033371;0.09431889;0.30952787
2043.0;0.17448418;0.09679838;0.31682578
2044.0;0.17863464;0.099277884;0.3241237
2045.0;0.18278512;0.101757385;0.3314216
2046.0;0.18693559;0.104236886;0.33871952
2047.0;0.19108605;0.10671639;0.34601742
2048.0;0.19523655;0.109195895;0.35331538
2049.0;0.199387;0.11167539;0.36061323
2050.0;0.20353748;0.11415489;0.36791116
2051.0;0.2072193;0.11619567;0.37493855
2052.0;0.21090117;0.11823646;0.38196594
2053.0;0.214583;0.12027723;0.38899332
2054.0;0.21826485;0.12231802;0.39602068
2055.0;0.22194669;0.1243588;0.4030481
2056.0;0.22562851;0.12639958;0.41007546
2057.0;0.22931036;0.12844037;0.41710284
2058.0;0.2329922;0.13048114;0.42413026
2059.0;0.23667404;0.13252193;0.43115762
2060.0;0.24035588;0.13456272;0.438185
2061.0;0.24407075;0.1366595;0.4452599
2062.0;0.24778567;0.13875629;0.45233482
2063.0;0.25150055;0.14085308;0.45940968
2064.0;0.25521544;0.14294986;0.4664846
2065.0;0.25893033;0.14504664;0.4735595
2066.0;0.2626452;0.14714344;0.4806344
2067.0;0.2663601;0.14924021;0.48770928
2068.0;0.270075;0.151337;0.49478418
2069.0;0.27378985;0.15343377;0.5018591
2070.0;0.27750477;0.15553056;0.50893396
2071.0;0.28071344;0.1572609;0.51540047
2072.0;0.28392214;0.15899125;0.5218669
2073.0;0.28713086;0.16072156;0.52833337
2074.0;0.29033953;0.16245191;0.5347999
2075.0;0.29354823;0.16418223;0.5412663
2076.0;0.29675692;0.16591257;0.5477328
2077.0;0.29996565;0.16764292;0.5541992
2078.0;0.30317432;0.16937324;0.5606657
2079.0;0.306383;0.17110357;0.5671322
2080.0;0.3095917;0.1728339;0.5735986
2081.0;0.31264654;0.17443912;0.5804702
2082.0;0.31570143;0.17604436;0.5873417
2083.0;0.31875622;0.17764957;0.5942133
2084.0;0.3218111;0.17925479;0.6010848
2085.0;0.32486594;0.18085998;0.6079564
2086.0;0.32792076;0.18246521;0.61482793
2087.0;0.33097565;0.18407042;0.62169945
2088.0;0.33403048;0.18567567;0.62857103
2089.0;0.3370853;0.18728086;0.63544255
2090.0;0.34014016;0.18888608;0.64231414
2091.0;0.34348166;0.19005582;0.650141
2092.0;0.3468232;0.19122559;0.6579679
2093.0;0.35016468;0.19239531;0.66579473
2094.0;0.3535062;0.19356507;0.6736216
2095.0;0.35684767;0.1947348;0.6814484
2096.0;0.3601892;0.19590454;0.68927526
2097.0;0.3635307;0.19707428;0.6971022
2098.0;0.3668722;0.19824405;0.704929
2099.0;0.37021372;0.19941378;0.71275586
2100.0;0.3735552;0.20058353;0.7205827
