2020.0;0.08149197;0.04815944;0.11452386
2021.0;0.08614315;0.050653797;0.121355556
2022.0;0.09079435;0.053148154;0.12818724
2023.0;0.09544554;0.055642508;0.13501893
2024.0;0.10009673;0.058136873;0.14185064
2025.0;0.10474792;0.060631227;0.14868233
2026.0;0.10939911;0.06312558;0.155514
2027.0;0.11405031;0.06561994;0.1623457
2028.0;0.118701495;0.068114296;0.1691774
2029.0;0.123352684;0.07060866;0.17600909
2030.0;0.12800388;0.07310301;0.1828408
2031.0;0.13314058;0.07615894;0.19016498
2032.0;0.13827728;0.07921488;0.19748919
2033.0;0.143414;0.082270816;0.20481338
2034.0;0.14855072;0.08532675;0.21213758
2035.0;0.1536874;0.08838269;0.21946177
2036.0;0.15882413;0.09143862;0.22678594
2037.0;0.16396083;0.09449455;0.23411013
2038.0;0.16909753;0.09755049;0.24143435
2039.0;0.17423424;0.10060642;0.24875854
2040.0;0.17937095;0.103662364;0.25608274
2041.0;0.1850351;0.10752412;0.26363778
2042.0;0.19069923;0.11138589;0.27119288
2043.0;0.19636337;0.11524764;0.2787479
2044.0;0.20202753;0.11910941;0.28630298
2045.0;0.20769165;0.12297116;0.29385802
2046.0;0.21335578;0.12683292;0.3014131
2047.0;0.21901993;0.13069467;0.30896813
2048.0;0.22468406;0.13455644;0.3165232
2049.0;0.2303482;0.1384182;0.32407826
2050.0;0.23601234;0.14227995;0.3316333
2051.0;0.2419569;0.14646055;0.3394773
2052.0;0.24790148;0.15064113;0.34732133
2053.0;0.25384605;0.1548217;0.35516533
2054.0;0.25979063;0.15900229;0.36300933
2055.0;0.2657352;0.16318285;0.37085333
2056.0;0.27167976;0.16736346;0.37869737
2057.0;0.27762434;0.17154403;0.38654134
2058.0;0.28356892;0.17572463;0.39438537
2059.0;0.28951347;0.17990519;0.40222937
2060.0;0.29545805;0.18408579;0.4100734
2061.0;0.3014602;0.18850902;0.4179886
2062.0;0.30746236;0.19293228;0.4259038
2063.0;0.31346455;0.19735551;0.43381903
2064.0;0.3194667;0.20177878;0.44173425
2065.0;0.32546887;0.206202;0.44964945
2066.0;0.33147103;0.21062525;0.45756462
2067.0;0.3374732;0.21504849;0.46547988
2068.0;0.34347537;0.21947174;0.47339508
2069.0;0.34947753;0.22389497;0.4813103
2070.0;0.35547972;0.22831823;0.4892255
2071.0;0.36174196;0.23328792;0.4972921
2072.0;0.36800426;0.23825765;0.50535876
2073.0;0.37426654;0.24322735;0.5134254
2074.0;0.38052884;0.24819705;0.521492
2075.0;0.3867911;0.25316674;0.52955866
2076.0;0.3930534;0.25813648;0.53762525
2077.0;0.39931569;0.26310617;0.5456919
2078.0;0.40557796;0.26807585;0.55375856
2079.0;0.4118402;0.2730456;0.56182516
2080.0;0.4181025;0.2780153;0.5698918
2081.0;0.424605;0.28290552;0.5781634
2082.0;0.43110755;0.28779572;0.586435
2083.0;0.43761006;0.29268596;0.59470665
2084.0;0.44411257;0.29757616;0.6029783
2085.0;0.45061508;0.30246636;0.61124986
2086.0;0.45711762;0.3073566;0.6195215
2087.0;0.46362013;0.31224683;0.6277931
2088.0;0.4701226;0.31713706;0.6360647
2089.0;0.47662514;0.3220273;0.6443363
2090.0;0.48312765;0.32691747;0.6526079
2091.0;0.49003276;0.3315602;0.66177285
2092.0;0.49693796;0.3362029;0.6709378
2093.0;0.50384307;0.34084556;0.68010265
2094.0;0.5107482;0.34548825;0.6892676
2095.0;0.5176534;0.35013092;0.6984325
2096.0;0.52455854;0.3547736;0.70759743
2097.0;0.5314637;0.35941628;0.7167623
2098.0;0.53836876;0.364059;0.72592723
2099.0;0.5452739;0.36870167;0.7350922
2100.0;0.5521791;0.37334436;0.74425715
2101.0;0.55918896;0.3782736;0.75354666
2102.0;0.5661988;0.38320288;0.7628361
2103.0;0.57320875;0.38813213;0.7721256
2104.0;0.5802186;0.3930614;0.78141516
2105.0;0.58722854;0.39799064;0.79070467
2106.0;0.5942384;0.4029199;0.7999941
2107.0;0.6012482;0.40784913;0.8092837
2108.0;0.6082581;0.41277838;0.8185732
2109.0;0.615268;0.41770765;0.8278627
2110.0;0.6222779;0.4226369;0.8371522
2111.0;0.62946427;0.42759463;0.84651726
2112.0;0.6366507;0.4325524;0.85588235
2113.0;0.64383703;0.43751013;0.8652474
2114.0;0.65102345;0.4424679;0.87461257
2115.0;0.65820986;0.4474256;0.88397753
2116.0;0.6653962;0.45238337;0.8933427
2117.0;0.6725826;0.4573411;0.90270776
2118.0;0.679769;0.46229884;0.91207284
2119.0;0.6869554;0.4672566;0.92143786
2120.0;0.6941418;0.4722143;0.930803
2121.0;0.7014294;0.47711548;0.9402984
2122.0;0.7087171;0.4820166;0.94979393
2123.0;0.7160048;0.48691776;0.95928943
2124.0;0.7232924;0.4918189;0.9687849
2125.0;0.7305801;0.49672005;0.9782803
2126.0;0.7378677;0.5016212;0.9877758
2127.0;0.7451554;0.50652236;0.9972713
2128.0;0.7524431;0.51142347;1.0067667
2129.0;0.7597307;0.51632464;1.0162622
2130.0;0.7670184;0.52122575;1.0257577
2131.0;0.7742417;0.52603745;1.0357006
2132.0;0.781465;0.5308491;1.0456436
2133.0;0.7886883;0.5356608;1.0555866
2134.0;0.7959116;0.5404725;1.0655295
2135.0;0.80313486;0.54528415;1.0754724
2136.0;0.8103582;0.5500959;1.0854152
2137.0;0.8175815;0.5549076;1.0953583
2138.0;0.8248048;0.55971926;1.1053011
2139.0;0.8320281;0.564531;1.115244
2140.0;0.8392514;0.5693427;1.125187
2141.0;0.846629;0.57408947;1.1358423
2142.0;0.8540067;0.5788364;1.1464977
2143.0;0.8613844;0.5835832;1.1571531
2144.0;0.8687621;0.5883301;1.1678083
2145.0;0.8761397;0.5930769;1.1784636
2146.0;0.8835173;0.59782374;1.1891189
2147.0;0.89089507;0.60257053;1.1997743
2148.0;0.8982727;0.60731745;1.2104295
2149.0;0.9056504;0.61206424;1.2210848
2150.0;0.913028;0.61681116;1.2317402
