2020.0;0.08446891;0.051695656;0.115146436
2021.0;0.08951706;0.054433495;0.12275328
2022.0;0.094565205;0.05717134;0.13036013
2023.0;0.09961336;0.05990918;0.13796696
2024.0;0.10466152;0.06264702;0.14557382
2025.0;0.10970966;0.06538486;0.15318064
2026.0;0.11475781;0.0681227;0.1607875
2027.0;0.11980596;0.07086054;0.16839433
2028.0;0.12485411;0.07359839;0.17600118
2029.0;0.12990227;0.07633622;0.18360801
2030.0;0.13495041;0.07907407;0.19121486
2031.0;0.14130643;0.083155915;0.20035467
2032.0;0.14766243;0.08723777;0.20949447
2033.0;0.15401845;0.09131963;0.21863429
2034.0;0.16037445;0.09540147;0.22777411
2035.0;0.16673046;0.09948332;0.2369139
2036.0;0.17308646;0.10356518;0.24605371
2037.0;0.17944248;0.10764703;0.2551935
2038.0;0.1857985;0.111728884;0.26433334
2039.0;0.1921545;0.11581074;0.27347314
2040.0;0.19851051;0.11989258;0.28261295
2041.0;0.20628467;0.12545496;0.2931442
2042.0;0.21405883;0.13101733;0.3036755
2043.0;0.221833;0.1365797;0.31420675
2044.0;0.22960718;0.14214209;0.32473803
2045.0;0.23738135;0.14770445;0.33526933
2046.0;0.24515551;0.15326683;0.3458006
2047.0;0.25292966;0.15882921;0.35633186
2048.0;0.26070383;0.16439159;0.36686313
2049.0;0.268478;0.16995394;0.3773944
2050.0;0.27625218;0.17551632;0.38792568
2051.0;0.28547457;0.18227613;0.40001655
2052.0;0.29469702;0.18903592;0.4121074
2053.0;0.30391943;0.19579571;0.42419827
2054.0;0.31314185;0.2025555;0.43628916
2055.0;0.32236427;0.20931531;0.44838
2056.0;0.3315867;0.21607511;0.46047089
2057.0;0.34080914;0.2228349;0.47256175
2058.0;0.35003152;0.2295947;0.4846526
2059.0;0.35925394;0.23635447;0.49674344
2060.0;0.3684764;0.24311428;0.5088343
2061.0;0.37978202;0.251632;0.5230233
2062.0;0.39108765;0.26014978;0.5372123
2063.0;0.4023933;0.26866755;0.5514014
2064.0;0.41369897;0.2771853;0.5655903
2065.0;0.42500457;0.28570303;0.5797794
2066.0;0.43631023;0.2942208;0.5939684
2067.0;0.44761586;0.30273852;0.60815734
2068.0;0.45892155;0.3112563;0.6223464
2069.0;0.47022718;0.31977403;0.63653535
2070.0;0.4815328;0.32829177;0.65072435
2071.0;0.49554518;0.33948374;0.6666786
2072.0;0.50955755;0.35067576;0.6826328
2073.0;0.52356994;0.36186773;0.69858706
2074.0;0.53758234;0.37305972;0.71454126
2075.0;0.5515947;0.38425168;0.7304954
2076.0;0.5656071;0.39544368;0.74644965
2077.0;0.57961947;0.40663564;0.7624038
2078.0;0.59363186;0.41782764;0.77835804
2079.0;0.6076442;0.4290196;0.79431224
2080.0;0.62165654;0.44021156;0.8102665
2081.0;0.63922155;0.45504004;0.8285975
2082.0;0.6567865;0.46986857;0.8469285
2083.0;0.67435145;0.484697;0.86525947
2084.0;0.69191647;0.49952552;0.88359046
2085.0;0.70948136;0.514354;0.90192145
2086.0;0.7270464;0.5291825;0.92025244
2087.0;0.7446113;0.544011;0.93858343
2088.0;0.7621763;0.55883944;0.9569144
2089.0;0.7797412;0.5736679;0.9752454
2090.0;0.79730624;0.5884964;0.9935764
2091.0;0.8184288;0.6057566;1.017061
2092.0;0.8395515;0.62301683;1.0405457
2093.0;0.8606741;0.640277;1.0640302
2094.0;0.88179684;0.6575372;1.0875148
2095.0;0.9029194;0.6747975;1.1109992
2096.0;0.924042;0.69205767;1.1344839
2097.0;0.9451647;0.70931786;1.1579685
2098.0;0.9662874;0.7265781;1.1814531
2099.0;0.98740995;0.74383837;1.2049376
2100.0;1.0085326;0.76109856;1.2284223
