1956.0;-0.06540574
1957.0;-0.04262565
1958.0;-0.075438716
1959.0;-0.07760006
1960.0;-0.025296224
1961.0;-0.047091518
1964.0;-0.013540527
1965.0;-0.08773742
1966.0;-0.0520278
1967.0;-0.040251978
1968.0;-0.095413536
1969.0;-0.042761207
1970.0;-0.05218138
1971.0;-0.016244158
1972.0;-0.030709539
1973.0;-0.004979734
1974.0;-0.026198022
1975.0;-0.03207457
1976.0;-0.043675877
1977.0;-0.041827027
1978.0;-0.021719731
1979.0;-0.055090833
1980.0;-0.031219088
1983.0;-0.0043112114
1984.0;-0.016055735
1985.0;0.0018923213
1986.0;-0.0051345304
1987.0;-0.036593977
1988.0;-0.036368366
1989.0;-0.044000477
1990.0;-0.051634237
1991.0;-0.010379454
1992.0;-0.010918813
1993.0;-0.022381566
1994.0;0.0076136156
1995.0;-0.024603019
1996.0;-0.020456877
1997.0;-0.0066811983
1998.0;0.019169599
1999.0;-0.028248556
2000.0;-0.028363077
2001.0;0.02654975
2002.0;-0.008983316
2003.0;0.033418354
2004.0;-0.0076480955
2005.0;0.011654425
2006.0;0.022076331
2007.0;0.03555592
2008.0;0.03187471
2009.0;-0.024374748
2010.0;0.050186127
2011.0;0.02787944
2012.0;0.06259304
2013.0;0.0325788
2014.0;0.069402725
2015.0;0.082883865
2016.0;0.0663458
2017.0;0.039186083
2018.0;0.048475336
2019.0;0.07028833
2020.0;0.05919607
