2020.0;0.08525557;0.05752209;0.1200035
2021.0;0.09212069;0.06085486;0.1307456
2022.0;0.09898581;0.06418762;0.1414877
2023.0;0.105850935;0.067520395;0.15222982
2024.0;0.11271606;0.07085317;0.16297193
2025.0;0.11958118;0.07418593;0.17371403
2026.0;0.12644629;0.0775187;0.18445611
2027.0;0.13331142;0.08085147;0.19519822
2028.0;0.14017655;0.084184244;0.20594032
2029.0;0.14704166;0.087517016;0.21668242
2030.0;0.15390678;0.09084978;0.22742453
2031.0;0.16424859;0.09736071;0.24308385
2032.0;0.17459041;0.10387164;0.25874317
2033.0;0.18493222;0.11038257;0.2744025
2034.0;0.19527401;0.1168935;0.29006183
2035.0;0.20561585;0.12340443;0.30572113
2036.0;0.21595766;0.12991536;0.32138047
2037.0;0.22629946;0.13642628;0.3370398
2038.0;0.23664127;0.14293723;0.3526991
2039.0;0.24698308;0.14944814;0.36835843
2040.0;0.2573249;0.15595907;0.38401777
2041.0;0.27311915;0.16717142;0.40492225
2042.0;0.2889134;0.17838377;0.42582676
2043.0;0.30470768;0.18959612;0.44673127
2044.0;0.32050195;0.20080847;0.46763575
2045.0;0.3362962;0.21202081;0.48854026
2046.0;0.35209045;0.22323315;0.5094448
2047.0;0.3678847;0.2344455;0.53034925
2048.0;0.38367894;0.24565786;0.55125374
2049.0;0.39947322;0.2568702;0.5721583
2050.0;0.4152675;0.26808256;0.59306276
2051.0;0.43758398;0.2852579;0.61885464
2052.0;0.45990047;0.30243328;0.6446465
2053.0;0.48221698;0.31960863;0.67043847
2054.0;0.5045335;0.336784;0.69623035
2055.0;0.52685;0.35395935;0.72202224
2056.0;0.5491665;0.3711347;0.7478141
2057.0;0.57148296;0.38831007;0.773606
2058.0;0.5937995;0.40548545;0.79939795
2059.0;0.616116;0.4226608;0.8251898
2060.0;0.6384325;0.43983614;0.8509818
2061.0;0.6680288;0.4612609;0.88164496
2062.0;0.69762504;0.48268566;0.9123083
2063.0;0.7272213;0.50411046;0.9429716
2064.0;0.75681764;0.5255352;0.97363484
2065.0;0.7864138;0.54695994;1.0042981
2066.0;0.8160101;0.56838477;1.0349613
2067.0;0.84560645;0.58980954;1.0656246
2068.0;0.87520266;0.61123425;1.0962878
2069.0;0.9047989;0.6326591;1.1269511
2070.0;0.9343952;0.6540838;1.1576144
2071.0;0.9693408;0.6830221;1.1926912
2072.0;1.0042864;0.7119603;1.227768
2073.0;1.0392319;0.74089867;1.2628447
2074.0;1.0741775;0.7698369;1.2979217
2075.0;1.109123;0.7987752;1.3329983
2076.0;1.1440686;0.8277135;1.3680753
2077.0;1.1790143;0.8566518;1.4031519
2078.0;1.2139598;0.8855901;1.4382287
2079.0;1.2489054;0.9145283;1.4733056
2080.0;1.2838509;0.9434666;1.5083823
2081.0;1.3219978;0.9820804;1.5467486
2082.0;1.3601447;1.0206943;1.5851152
2083.0;1.3982915;1.0593079;1.6234814
2084.0;1.4364384;1.0979217;1.661848
2085.0;1.4745852;1.1365355;1.7002143
2086.0;1.512732;1.1751493;1.7385807
2087.0;1.5508789;1.2137631;1.776947
2088.0;1.5890257;1.2523768;1.8153135
2089.0;1.6271726;1.2909906;1.8536797
2090.0;1.6653194;1.3296044;1.8920461
2091.0;1.704805;1.3725135;1.9338834
2092.0;1.7442906;1.4154227;1.975721
2093.0;1.7837763;1.4583318;2.0175583
2094.0;1.8232619;1.5012411;2.059396
2095.0;1.8627473;1.5441501;2.1012332
2096.0;1.9022329;1.5870594;2.1430705
2097.0;1.9417185;1.6299685;2.184908
2098.0;1.9812042;1.6728778;2.2267454
2099.0;2.0206897;1.7157868;2.2685828
2100.0;2.0601752;1.7586961;2.3104203
2101.0;2.0998294;1.790174;2.3577445
2102.0;2.1394837;1.8216519;2.4050684
2103.0;2.1791377;1.8531296;2.4523926
2104.0;2.218792;1.8846077;2.4997168
2105.0;2.2584457;1.9160856;2.5470405
2106.0;2.2981;1.9475635;2.5943646
2107.0;2.3377542;1.9790412;2.641689
2108.0;2.3774083;2.0105193;2.689013
2109.0;2.4170625;2.0419972;2.736337
2110.0;2.4567165;2.0734751;2.7836611
2111.0;2.4943864;2.0985844;2.8410077
2112.0;2.532056;2.1236944;2.8983548
2113.0;2.569726;2.1488037;2.9557016
2114.0;2.607396;2.173913;3.0130484
2115.0;2.6450658;2.1990228;3.070395
2116.0;2.6827357;2.2241323;3.127742
2117.0;2.7204053;2.2492416;3.1850889
2118.0;2.7580752;2.2743514;3.2424355
2119.0;2.795745;2.299461;3.2997825
2120.0;2.8334148;2.3245704;3.357129
2121.0;2.8628428;2.3471255;3.4234452
2122.0;2.8922713;2.3696806;3.4897616
2123.0;2.9216993;2.3922358;3.5560777
2124.0;2.9511275;2.414791;3.6223936
2125.0;2.9805555;2.4373462;3.6887097
2126.0;3.0099833;2.459901;3.7550259
2127.0;3.0394115;2.4824562;3.8213418
2128.0;3.0688398;2.5050116;3.8876579
2129.0;3.0982678;2.5275667;3.953974
2130.0;3.127696;2.5501218;4.0202904
2131.0;3.1557617;2.565664;4.0928087
2132.0;3.1838276;2.5812063;4.1653275
2133.0;3.2118933;2.5967484;4.2378464
2134.0;3.239959;2.6122906;4.310365
2135.0;3.2680247;2.6278324;4.382884
2136.0;3.2960904;2.6433747;4.4554024
2137.0;3.324156;2.658917;4.5279207
2138.0;3.3522217;2.6744592;4.6004395
2139.0;3.3802876;2.6900012;4.6729584
2140.0;3.4083533;2.7055435;4.745477
2141.0;3.4355488;2.7160237;4.818218
2142.0;3.4627445;2.726504;4.8909597
2143.0;3.48994;2.7369845;4.9637012
2144.0;3.5171359;2.747465;5.0364423
2145.0;3.544331;2.7579448;5.109184
2146.0;3.5715268;2.7684252;5.1819253
2147.0;3.5987225;2.7789056;5.2546663
2148.0;3.625918;2.7893858;5.327408
2149.0;3.6531136;2.7998662;5.4001493
2150.0;3.680309;2.8103464;5.472891
