1994.0;-0.03507693
1995.0;-0.01785192
1996.0;-0.0009568024
1997.0;0.011222542
1998.0;0.026805172
1999.0;0.028471338
2000.0;0.0077537633
2001.0;0.0083567295
2002.0;0.007142279
2003.0;0.0051191025
2004.0;0.0032289315
2005.0;0.035393298
2006.0;0.026586434
2007.0;0.010865467
2008.0;0.029472021
2009.0;0.048482154
2010.0;0.040931433
2011.0;0.068488665
2012.0;0.06847091
2013.0;0.051471576
2014.0;0.07290213
2015.0;0.058071524
2016.0;0.08705437
2017.0;0.07680645
2018.0;0.08587471
2019.0;0.116731934
2020.0;0.11979703
