2020.0;13.550763;10.63489;16.866425
2021.0;14.547096;11.273191;18.312576
2022.0;15.543431;11.911494;19.75873
2023.0;16.539764;12.549795;21.204884
2024.0;17.536098;13.188098;22.651035
2025.0;18.532433;13.826401;24.097187
2026.0;19.528767;14.464702;25.543339
2027.0;20.5251;15.103004;26.989492
2028.0;21.521435;15.741307;28.435642
2029.0;22.517767;16.379608;29.881796
2030.0;23.514103;17.01791;31.327948
2031.0;24.803595;17.960464;33.05196
2032.0;26.09309;18.90302;34.775967
2033.0;27.382587;19.845575;36.499977
2034.0;28.672083;20.788128;38.223988
2035.0;29.961573;21.730684;39.947994
2036.0;31.251068;22.673239;41.672005
2037.0;32.540565;23.615793;43.396015
2038.0;33.830055;24.558346;45.12002
2039.0;35.11955;25.500902;46.844032
2040.0;36.409046;26.443457;48.568043
2041.0;38.04629;27.81573;50.660034
2042.0;39.683544;29.188007;52.752033
2043.0;41.320793;30.560282;54.844025
2044.0;42.958042;31.932556;56.936024
2045.0;44.595287;33.30483;59.028015
2046.0;46.232536;34.6771;61.120007
2047.0;47.869785;36.049377;63.211998
2048.0;49.507034;37.42165;65.30399
2049.0;51.14428;38.793922;67.39599
2050.0;52.781532;40.1662;69.48798
2051.0;54.97693;41.969715;72.02579
2052.0;57.17234;43.77323;74.56358
2053.0;59.367737;45.57675;77.101395
2054.0;61.56315;47.38027;79.6392
2055.0;63.758545;49.183784;82.176994
2056.0;65.95394;50.987297;84.7148
2057.0;68.149345;52.79082;87.2526
2058.0;70.34475;54.59433;89.790405
2059.0;72.540146;56.39785;92.3282
2060.0;74.73555;58.201366;94.86601
2061.0;77.61885;60.40334;97.950714
2062.0;80.50215;62.605305;101.03542
2063.0;83.38545;64.807274;104.12014
2064.0;86.26875;67.00924;107.20485
2065.0;89.15204;69.211205;110.28955
2066.0;92.03534;71.41318;113.37425
2067.0;94.91863;73.61515;116.45896
2068.0;97.80194;75.817116;119.54368
2069.0;100.685234;78.01908;122.62838
2070.0;103.56853;80.221054;125.71309
2071.0;106.82021;82.630035;129.452
2072.0;110.07192;85.039024;133.1909
2073.0;113.32361;87.44801;136.92981
2074.0;116.575294;89.856995;140.66873
2075.0;119.82699;92.265976;144.40762
2076.0;123.07869;94.674965;148.14651
2077.0;126.33037;97.083954;151.88542
2078.0;129.58206;99.492935;155.62434
2079.0;132.83377;101.90193;159.36325
2080.0;136.08545;104.31091;163.10214
2081.0;139.6561;107.18162;167.19943
2082.0;143.22673;110.05232;171.29672
2083.0;146.79738;112.923035;175.39401
2084.0;150.36801;115.79374;179.4913
2085.0;153.93866;118.664444;183.5886
2086.0;157.50931;121.53514;187.68588
2087.0;161.07994;124.40586;191.78316
2088.0;164.65059;127.276566;195.88045
2089.0;168.22122;130.14726;199.97774
2090.0;171.79187;133.01797;204.07503
2091.0;175.43341;136.09604;208.28194
2092.0;179.07495;139.17412;212.48886
2093.0;182.71648;142.2522;216.69577
2094.0;186.35803;145.33028;220.90268
2095.0;189.99956;148.40836;225.10962
2096.0;193.64108;151.48642;229.31653
2097.0;197.28262;154.5645;233.52344
2098.0;200.92418;157.64258;237.73038
2099.0;204.5657;160.72066;241.93726
2100.0;208.20724;163.79874;246.1442
