2020.0;0.1346046;0.10108892;0.16746165
2021.0;0.14433818;0.10751085;0.18041538
2022.0;0.15407178;0.11393278;0.19336912
2023.0;0.16380537;0.120354705;0.20632285
2024.0;0.17353894;0.12677662;0.21927658
2025.0;0.18327253;0.13319854;0.23223032
2026.0;0.1930061;0.13962048;0.24518405
2027.0;0.2027397;0.1460424;0.2581378
2028.0;0.21247329;0.15246435;0.2710915
2029.0;0.22220688;0.15888625;0.28404522
2030.0;0.23194046;0.16530818;0.29699895
2031.0;0.24334462;0.17436932;0.31201848
2032.0;0.2547488;0.18343048;0.327038
2033.0;0.26615295;0.19249162;0.3420575
2034.0;0.2775571;0.20155276;0.35707703
2035.0;0.28896123;0.2106139;0.37209654
2036.0;0.30036542;0.21967505;0.38711601
2037.0;0.3117696;0.22873619;0.40213555
2038.0;0.32317373;0.23779733;0.41715506
2039.0;0.33457792;0.24685849;0.43217456
2040.0;0.34598204;0.25591964;0.4471941
2041.0;0.35963625;0.26705876;0.46492445
2042.0;0.37329048;0.27819788;0.48265487
2043.0;0.38694468;0.289337;0.5003852
2044.0;0.40059888;0.30047613;0.51811564
2045.0;0.4142531;0.31161523;0.535846
2046.0;0.4279073;0.32275435;0.5535764
2047.0;0.4415615;0.3338935;0.57130677
2048.0;0.4552157;0.34503263;0.5890372
2049.0;0.4688699;0.35617176;0.60676754
2050.0;0.4825241;0.36731085;0.62449795
2051.0;0.49940717;0.3806264;0.6447762
2052.0;0.5162903;0.39394197;0.6650547
2053.0;0.5331733;0.40725747;0.685333
2054.0;0.5500564;0.42057306;0.7056114
2055.0;0.5669395;0.43388858;0.72588974
2056.0;0.5838225;0.4472041;0.7461681
2057.0;0.60070556;0.46051967;0.7664465
2058.0;0.6175887;0.4738352;0.78672487
2059.0;0.6344717;0.48715076;0.80700326
2060.0;0.6513548;0.5004663;0.82728153
2061.0;0.67131394;0.51570606;0.8511435
2062.0;0.6912732;0.5309458;0.8750055
2063.0;0.71123236;0.5461855;0.8988674
2064.0;0.7311915;0.5614252;0.9227294
2065.0;0.75115067;0.5766649;0.9465913
2066.0;0.7711099;0.59190464;0.9704533
2067.0;0.79106903;0.6071444;0.9943153
2068.0;0.8110282;0.62238413;1.0181772
2069.0;0.83098745;0.63762385;1.0420392
2070.0;0.8509466;0.65286356;1.0659012
2071.0;0.8738121;0.6703139;1.0930836
2072.0;0.8966775;0.6877643;1.1202661
2073.0;0.91954297;0.7052146;1.1474488
2074.0;0.94240844;0.72266495;1.1746314
2075.0;0.9652739;0.7401153;1.2018137
2076.0;0.9881394;0.7575657;1.2289964
2077.0;1.0110048;0.775016;1.2561789
2078.0;1.0338702;0.7924663;1.2833613
2079.0;1.0567358;0.8099167;1.3105438
2080.0;1.0796012;0.827367;1.3377265
2081.0;1.1059735;0.8470146;1.3658754
2082.0;1.1323459;0.86666214;1.3940244
2083.0;1.1587182;0.88630974;1.4221734
2084.0;1.1850907;0.9059573;1.4503223
2085.0;1.211463;0.9256049;1.4784712
2086.0;1.2378354;0.9452524;1.5066202
2087.0;1.2642077;0.9649;1.5347692
2088.0;1.29058;0.98454756;1.5629181
2089.0;1.3169523;1.0041951;1.5910671
2090.0;1.3433248;1.0238427;1.619216
2091.0;1.3718174;1.0423768;1.6498075
2092.0;1.4003099;1.0609107;1.6803992
2093.0;1.4288025;1.0794446;1.7109907
2094.0;1.457295;1.0979787;1.7415824
2095.0;1.4857875;1.1165127;1.772174
2096.0;1.5142801;1.1350466;1.8027656
2097.0;1.5427724;1.1535808;1.8333572
2098.0;1.571265;1.1721147;1.8639487
2099.0;1.5997576;1.1906487;1.8945404
2100.0;1.6282501;1.2091827;1.9251319
