2020.0;0.1346046;0.10335522;0.168018
2021.0;0.14341456;0.10955571;0.17942226
2022.0;0.1522245;0.115756206;0.1908265
2023.0;0.16103446;0.1219567;0.20223074
2024.0;0.16984442;0.12815718;0.21363501
2025.0;0.17865437;0.13435766;0.22503924
2026.0;0.18746433;0.14055817;0.23644349
2027.0;0.19627428;0.14675863;0.24784775
2028.0;0.20508423;0.15295914;0.25925198
2029.0;0.21389419;0.15915962;0.27065626
2030.0;0.22270414;0.16536011;0.28206047
2031.0;0.23242638;0.1733816;0.29406524
2032.0;0.2421486;0.18140306;0.30607003
2033.0;0.2518708;0.18942453;0.3180748
2034.0;0.26159304;0.19744602;0.3300796
2035.0;0.27131528;0.20546749;0.34208435
2036.0;0.2810375;0.21348895;0.3540891
2037.0;0.2907597;0.22151044;0.36609387
2038.0;0.30048195;0.22953191;0.3780987
2039.0;0.31020415;0.23755339;0.39010343
2040.0;0.31992638;0.24557488;0.40210822
2041.0;0.33061987;0.25440377;0.41462126
2042.0;0.3413134;0.26323268;0.4271344
2043.0;0.35200688;0.2720616;0.43964747
2044.0;0.36270037;0.2808905;0.4521606
2045.0;0.3733939;0.2897194;0.46467364
2046.0;0.3840874;0.29854828;0.4771867
2047.0;0.39478087;0.3073772;0.48969984
2048.0;0.40547436;0.3162061;0.5022129
2049.0;0.41616789;0.325035;0.51472604
2050.0;0.42686138;0.33386388;0.5272391
2051.0;0.4387372;0.34448668;0.54093826
2052.0;0.4506131;0.35510948;0.55463743
2053.0;0.46248895;0.36573228;0.5683366
2054.0;0.47436482;0.37635508;0.5820358
2055.0;0.48624063;0.38697785;0.59573495
2056.0;0.49811652;0.39760065;0.60943407
2057.0;0.5099923;0.40822342;0.6231333
2058.0;0.52186817;0.41884622;0.6368325
2059.0;0.53374404;0.429469;0.6505316
2060.0;0.54561985;0.4400918;0.66423076
2061.0;0.5592025;0.45171764;0.6796997
2062.0;0.57278526;0.46334356;0.69516873
2063.0;0.58636796;0.4749694;0.7106377
2064.0;0.5999507;0.48659527;0.7261067
2065.0;0.6135333;0.49822113;0.74157566
2066.0;0.6271161;0.50984704;0.7570446
2067.0;0.64069873;0.5214728;0.7725136
2068.0;0.65428144;0.53309876;0.7879825
2069.0;0.66786414;0.5447246;0.80345154
2070.0;0.68144685;0.55635047;0.81892055
2071.0;0.6969076;0.56993264;0.83655757
2072.0;0.71236837;0.5835148;0.85419464
2073.0;0.7278291;0.597097;0.8718317
2074.0;0.7432899;0.6106792;0.8894687
2075.0;0.7587506;0.6242614;0.90710586
2076.0;0.77421135;0.63784355;0.92474294
2077.0;0.78967214;0.6514257;0.9423799
2078.0;0.80513287;0.6650079;0.96001697
2079.0;0.82059366;0.67859006;0.97765404
2080.0;0.8360544;0.6921722;0.99529105
2081.0;0.85551345;0.7080614;1.016059
2082.0;0.8749726;0.7239506;1.0368268
2083.0;0.89443165;0.73983985;1.0575949
2084.0;0.9138908;0.755729;1.0783628
2085.0;0.93334985;0.7716182;1.0991307
2086.0;0.952809;0.7875074;1.1198987
2087.0;0.9722681;0.8033965;1.1406665
2088.0;0.9917272;0.81928575;1.1614344
2089.0;1.0111862;0.8351749;1.1822023
2090.0;1.0306454;0.85106415;1.2029704
2091.0;1.0522728;0.8653611;1.2283218
2092.0;1.0739002;0.87965816;1.2536734
2093.0;1.0955278;0.89395505;1.2790251
2094.0;1.1171552;0.9082521;1.3043767
2095.0;1.1387826;0.92254907;1.3297281
2096.0;1.16041;0.9368461;1.3550798
2097.0;1.1820375;0.95114315;1.3804313
2098.0;1.2036649;0.96544003;1.4057829
2099.0;1.2252923;0.97973704;1.4311343
2100.0;1.2469198;0.99403405;1.456486
