2020.0;13.550763;10.092703;17.31838
2021.0;14.363355;10.6720915;18.386738
2022.0;15.175946;11.25148;19.455097
2023.0;15.988538;11.830868;20.523457
2024.0;16.80113;12.410257;21.591816
2025.0;17.613722;12.989645;22.660173
2026.0;18.426313;13.569034;23.72853
2027.0;19.238907;14.14842;24.796888
2028.0;20.051498;14.727809;25.86525
2029.0;20.86409;15.307198;26.933605
2030.0;21.676682;15.886586;28.001965
2031.0;22.568346;16.586607;29.07489
2032.0;23.460009;17.286633;30.147816
2033.0;24.351673;17.986654;31.220737
2034.0;25.243336;18.68668;32.293663
2035.0;26.134998;19.3867;33.366585
2036.0;27.026663;20.086723;34.43951
2037.0;27.918325;20.786747;35.512432
2038.0;28.809988;21.48677;36.58536
2039.0;29.701654;22.186792;37.658283
2040.0;30.593317;22.886814;38.73121
2041.0;31.453833;23.638384;39.718376
2042.0;32.314354;24.389956;40.70555
2043.0;33.174873;25.141523;41.69272
2044.0;34.035393;25.893093;42.679893
2045.0;34.895912;26.644663;43.66706
2046.0;35.756428;27.396235;44.65423
2047.0;36.616943;28.147802;45.641403
2048.0;37.477467;28.899372;46.628574
2049.0;38.337982;29.65094;47.61574
2050.0;39.1985;30.402512;48.602913
2051.0;40.080948;31.16422;49.546288
2052.0;40.9634;31.925934;50.489674
2053.0;41.845848;32.687645;51.433052
2054.0;42.7283;33.449356;52.376427
2055.0;43.61075;34.211067;53.319805
2056.0;44.493195;34.97278;54.263184
2057.0;45.37565;35.73449;55.206562
2058.0;46.258095;36.4962;56.14994
2059.0;47.14054;37.25791;57.093315
2060.0;48.02299;38.019623;58.036694
2061.0;48.848045;38.761784;58.994423
2062.0;49.673103;39.503944;59.95215
2063.0;50.49816;40.246105;60.909874
2064.0;51.32322;40.98827;61.867603
2065.0;52.148273;41.73043;62.82533
2066.0;52.973328;42.472588;63.78306
2067.0;53.79838;43.214752;64.740776
2068.0;54.623444;43.956913;65.6985
2069.0;55.448498;44.699074;66.656235
2070.0;56.273552;45.441235;67.61396
2071.0;57.03869;46.156715;68.52443
2072.0;57.803833;46.872204;69.4349
2073.0;58.568962;47.58769;70.345375
2074.0;59.334106;48.303173;71.255844
2075.0;60.099243;49.018654;72.166306
2076.0;60.86438;49.73414;73.07678
2077.0;61.629517;50.449623;73.98726
2078.0;62.394653;51.165108;74.89772
2079.0;63.15979;51.880592;75.80819
2080.0;63.924927;52.596077;76.718666
2081.0;64.71685;53.294758;77.655045
2082.0;65.50878;53.99344;78.59143
2083.0;66.300705;54.69212;79.52782
2084.0;67.092636;55.39081;80.4642
2085.0;67.88457;56.08949;81.40059
2086.0;68.67649;56.78817;82.33697
2087.0;69.46842;57.486855;83.27335
2088.0;70.260345;58.185535;84.20973
2089.0;71.05227;58.884216;85.14612
2090.0;71.8442;59.582897;86.082504
2091.0;72.59175;60.09305;87.192116
2092.0;73.33931;60.60319;88.301735
2093.0;74.08687;61.113342;89.41134
2094.0;74.83442;61.623493;90.52096
2095.0;75.58197;62.133644;91.63057
2096.0;76.32953;62.643787;92.74019
2097.0;77.07707;63.15394;93.84979
2098.0;77.82463;63.66408;94.95941
2099.0;78.57219;64.17423;96.06902
2100.0;79.31974;64.68438;97.178635
