2020.0;0.13464813;0.10465977;0.16544107
2021.0;0.14223056;0.10977306;0.17564334
2022.0;0.14981297;0.114886366;0.18584564
2023.0;0.15739541;0.11999966;0.19604792
2024.0;0.16497782;0.12511297;0.2062502
2025.0;0.17256024;0.13022625;0.21645246
2026.0;0.18014267;0.13533954;0.22665475
2027.0;0.18772508;0.14045285;0.23685703
2028.0;0.19530751;0.14556614;0.24705932
2029.0;0.20288992;0.15067942;0.25726157
2030.0;0.21047235;0.15579273;0.26746386
2031.0;0.21836226;0.16184735;0.27718917
2032.0;0.2262522;0.16790198;0.2869145
2033.0;0.23414212;0.1739566;0.2966398
2034.0;0.24203204;0.18001123;0.30636513
2035.0;0.24992195;0.18606584;0.31609046
2036.0;0.2578119;0.19212045;0.32581577
2037.0;0.26570177;0.19817509;0.33554107
2038.0;0.2735917;0.20422971;0.3452664
2039.0;0.28148162;0.21028434;0.3549917
2040.0;0.28937155;0.21633896;0.364717
2041.0;0.29666188;0.22224551;0.37356874
2042.0;0.30395225;0.22815207;0.38242057
2043.0;0.3112426;0.23405863;0.39127234
2044.0;0.31853297;0.2399652;0.40012407
2045.0;0.3258233;0.24587175;0.40897584
2046.0;0.33311364;0.25177833;0.41782764
2047.0;0.340404;0.2576849;0.42667937
2048.0;0.34769434;0.26359144;0.43553114
2049.0;0.35498467;0.269498;0.4443829
2050.0;0.36227503;0.27540454;0.45323467
2051.0;0.3685971;0.28061014;0.46093827
2052.0;0.37491912;0.28581575;0.4686419
2053.0;0.38124114;0.29102132;0.4763455
2054.0;0.38756323;0.29622692;0.48404914
2055.0;0.39388525;0.30143252;0.4917527
2056.0;0.4002073;0.30663812;0.49945632
2057.0;0.40652937;0.31184372;0.5071599
2058.0;0.4128514;0.31704932;0.51486355
2059.0;0.41917342;0.32225493;0.52256715
2060.0;0.42549548;0.3274605;0.53027076
2061.0;0.4304997;0.33169338;0.53652984
2062.0;0.43550396;0.33592632;0.542789
2063.0;0.4405082;0.3401592;0.54904807
2064.0;0.44551244;0.34439212;0.55530727
2065.0;0.45051667;0.348625;0.5615664
2066.0;0.4555209;0.35285792;0.5678255
2067.0;0.46052516;0.3570908;0.5740846
2068.0;0.46552938;0.3613237;0.5803437
2069.0;0.47053364;0.3655566;0.5866029
2070.0;0.47553787;0.36978948;0.592862
2071.0;0.47967616;0.3731522;0.59824145
2072.0;0.48381445;0.37651488;0.60362095
2073.0;0.48795274;0.37987757;0.6090004
2074.0;0.49209103;0.38324025;0.6143799
2075.0;0.49622932;0.38660294;0.61975926
2076.0;0.50036764;0.38996562;0.6251388
2077.0;0.50450593;0.3933283;0.63051826
2078.0;0.5086442;0.39669102;0.6358977
2079.0;0.51278245;0.4000537;0.64127713
2080.0;0.5169208;0.4034164;0.64665663
2081.0;0.52150714;0.40693137;0.65234333
2082.0;0.5260935;0.41044638;0.65803003
2083.0;0.53067994;0.4139613;0.66371673
2084.0;0.5352662;0.41747633;0.66940343
2085.0;0.5398527;0.4209913;0.67509013
2086.0;0.544439;0.42450628;0.68077683
2087.0;0.5490254;0.42802125;0.68646353
2088.0;0.55361176;0.43153626;0.6921503
2089.0;0.5581981;0.43505123;0.69783705
2090.0;0.5627845;0.43856624;0.7035237
2091.0;0.5675988;0.44090486;0.7110409
2092.0;0.5724132;0.44324347;0.7185582
2093.0;0.57722753;0.44558203;0.72607535
2094.0;0.58204186;0.44792068;0.73359257
2095.0;0.5868562;0.45025927;0.7411098
2096.0;0.5916705;0.4525979;0.748627
2097.0;0.59648484;0.45493653;0.7561443
2098.0;0.6012992;0.45727515;0.76366144
2099.0;0.60611355;0.45961374;0.7711787
2100.0;0.61092794;0.46195236;0.77869594
