2020.0;0.11329926;0.08337143;0.14497267
2021.0;0.11957961;0.087914236;0.15316975
2022.0;0.12585998;0.09245705;0.16136684
2023.0;0.13214034;0.09699985;0.1695639
2024.0;0.13842069;0.10154267;0.17776099
2025.0;0.14470105;0.106085464;0.18595807
2026.0;0.15098141;0.11062826;0.19415514
2027.0;0.15726176;0.115171075;0.20235223
2028.0;0.16354214;0.11971389;0.2105493
2029.0;0.16982248;0.12425669;0.21874636
2030.0;0.17610285;0.1287995;0.22694345
2031.0;0.18247592;0.13403636;0.23454978
2032.0;0.18884902;0.13927324;0.2421561
2033.0;0.19522208;0.1445101;0.24976242
2034.0;0.20159519;0.14974698;0.25736874
2035.0;0.20796825;0.15498385;0.26497507
2036.0;0.21434133;0.1602207;0.2725814
2037.0;0.2207144;0.16545758;0.28018773
2038.0;0.2270875;0.17069446;0.28779402
2039.0;0.23346058;0.17593132;0.29540032
2040.0;0.23983365;0.18116818;0.30300668
2041.0;0.24592784;0.1857947;0.310686
2042.0;0.25202206;0.19042122;0.3183654
2043.0;0.25811622;0.19504772;0.32604474
2044.0;0.26421046;0.19967422;0.3337241
2045.0;0.27030462;0.20430073;0.34140345
2046.0;0.2763988;0.20892724;0.34908283
2047.0;0.28249303;0.21355374;0.35676217
2048.0;0.2885872;0.21818027;0.3644415
2049.0;0.2946814;0.22280678;0.3721209
2050.0;0.30077562;0.2274333;0.37980023
2051.0;0.30632457;0.23182464;0.38684765
2052.0;0.31187358;0.23621601;0.39389512
2053.0;0.3174226;0.24060734;0.40094256
2054.0;0.32297158;0.2449987;0.40798998
2055.0;0.32852057;0.24939005;0.41503742
2056.0;0.33406958;0.2537814;0.4220849
2057.0;0.3396186;0.25817275;0.42913228
2058.0;0.34516758;0.2625641;0.43617976
2059.0;0.3507166;0.26695544;0.4432272
2060.0;0.35626557;0.2713468;0.45027462
2061.0;0.36115167;0.27542123;0.45604938
2062.0;0.3660378;0.27949566;0.4618241
2063.0;0.37092385;0.2835701;0.46759883
2064.0;0.37581;0.28764454;0.4733736
2065.0;0.38069606;0.29171896;0.47914833
2066.0;0.38558215;0.29579338;0.48492303
2067.0;0.39046827;0.29986784;0.49069777
2068.0;0.39535436;0.30394226;0.49647254
2069.0;0.40024045;0.3080167;0.5022473
2070.0;0.40512654;0.3120911;0.508022
2071.0;0.40929064;0.3150547;0.5135191
2072.0;0.41345474;0.31801832;0.5190162
2073.0;0.41761884;0.3209819;0.52451336
2074.0;0.4217829;0.3239455;0.5300105
2075.0;0.42594698;0.32690907;0.5355076
2076.0;0.43011108;0.32987264;0.5410048
2077.0;0.43427515;0.33283624;0.5465019
2078.0;0.43843925;0.3357998;0.55199903
2079.0;0.44260332;0.3387634;0.55749613
2080.0;0.44676742;0.341727;0.5629933
2081.0;0.4504573;0.34412417;0.568262
2082.0;0.45414725;0.3465214;0.5735307
2083.0;0.45783713;0.3489186;0.5787994
2084.0;0.46152705;0.3513158;0.5840682
2085.0;0.46521693;0.35371295;0.5893369
2086.0;0.46890685;0.35611016;0.59460557
2087.0;0.47259673;0.35850736;0.59987426
2088.0;0.47628668;0.36090457;0.605143
2089.0;0.47997656;0.36330172;0.6104117
2090.0;0.48366648;0.36569893;0.6156804
2091.0;0.48864272;0.3687424;0.62314665
2092.0;0.49361902;0.37178594;0.6306129
2093.0;0.49859527;0.3748294;0.6380791
2094.0;0.5035715;0.3778729;0.6455454
2095.0;0.5085478;0.3809164;0.6530116
2096.0;0.51352406;0.38395986;0.6604778
2097.0;0.5185004;0.38700336;0.6679441
2098.0;0.5234766;0.39004686;0.6754103
2099.0;0.5284529;0.39309034;0.6828765
2100.0;0.53342915;0.3961338;0.6903428
2101.0;0.53816456;0.39937606;0.6969088
2102.0;0.5428999;0.40261835;0.70347476
2103.0;0.5476353;0.4058606;0.7100407
2104.0;0.5523707;0.40910286;0.71660674
2105.0;0.5571061;0.41234508;0.7231727
2106.0;0.5618415;0.41558737;0.72973865
2107.0;0.5665769;0.41882962;0.7363047
2108.0;0.57131225;0.4220719;0.7428707
2109.0;0.5760477;0.42531416;0.7494366
2110.0;0.58078307;0.42855638;0.7560026
2111.0;0.5854281;0.4316522;0.7625193
2112.0;0.5900731;0.43474805;0.769036
2113.0;0.59471816;0.43784386;0.77555263
2114.0;0.59936315;0.4409397;0.7820693
2115.0;0.6040082;0.4440355;0.78858596
2116.0;0.6086531;0.4471313;0.79510266
2117.0;0.6132982;0.45022714;0.8016193
2118.0;0.61794317;0.45332295;0.808136
2119.0;0.6225882;0.45641875;0.8146526
2120.0;0.6272332;0.4595146;0.8211693
2121.0;0.6317079;0.46242175;0.8275628
2122.0;0.6361826;0.46532896;0.83395636
2123.0;0.64065725;0.46823615;0.8403498
2124.0;0.64513195;0.4711433;0.84674335
2125.0;0.6496066;0.47405046;0.85313684
2126.0;0.6540813;0.47695768;0.8595303
2127.0;0.658556;0.47986487;0.8659238
2128.0;0.6630306;0.48277202;0.8723174
2129.0;0.6675053;0.48567924;0.87871087
2130.0;0.67197996;0.4885864;0.88510436
2131.0;0.6764207;0.49142578;0.89159966
2132.0;0.6808615;0.49426517;0.8980949
2133.0;0.68530226;0.49710456;0.9045902
2134.0;0.68974304;0.49994397;0.9110854
2135.0;0.6941837;0.5027833;0.9175807
2136.0;0.69862443;0.5056227;0.924076
2137.0;0.7030653;0.50846213;0.9305713
2138.0;0.707506;0.5113015;0.9370666
2139.0;0.7119467;0.5141409;0.94356185
2140.0;0.71638745;0.5169803;0.95005715
2141.0;0.7208034;0.5197375;0.95635426
2142.0;0.7252193;0.5224947;0.9626515
2143.0;0.72963524;0.52525187;0.9689486
2144.0;0.73405117;0.5280091;0.97524583
2145.0;0.73846704;0.5307663;0.98154294
2146.0;0.7428829;0.5335235;0.9878401
2147.0;0.7472989;0.5362807;0.9941373
2148.0;0.75171477;0.5390379;1.0004344
2149.0;0.75613075;0.54179513;1.0067315
2150.0;0.7605466;0.5445523;1.0130287
