2020.0;0.12404296;0.09439871;0.15288602
2021.0;0.13261151;0.10027409;0.1648127
2022.0;0.14118005;0.10614949;0.17673938
2023.0;0.14974861;0.11202488;0.18866605
2024.0;0.15831716;0.11790027;0.20059274
2025.0;0.16688572;0.12377567;0.2125194
2026.0;0.17545426;0.12965104;0.22444609
2027.0;0.18402281;0.13552645;0.23637277
2028.0;0.19259135;0.14140184;0.24829943
2029.0;0.2011599;0.14727722;0.26022613
2030.0;0.20972845;0.15315261;0.2721528
2031.0;0.22012486;0.16079974;0.28736645
2032.0;0.2305213;0.16844687;0.30258012
2033.0;0.24091773;0.176094;0.31779376
2034.0;0.25131413;0.18374112;0.3330074
2035.0;0.26171058;0.19138825;0.34822103
2036.0;0.272107;0.19903538;0.3634347
2037.0;0.28250343;0.20668249;0.37864834
2038.0;0.29289985;0.21432962;0.393862
2039.0;0.30329627;0.22197674;0.40907562
2040.0;0.3136927;0.22962387;0.4242893
2041.0;0.32715365;0.24034542;0.441923
2042.0;0.3406146;0.25106695;0.4595567
2043.0;0.35407555;0.2617885;0.47719043
2044.0;0.3675365;0.27251002;0.49482417
2045.0;0.38099745;0.28323156;0.51245785
2046.0;0.39445838;0.2939531;0.5300915
2047.0;0.40791935;0.30467463;0.54772526
2048.0;0.42138028;0.3153962;0.565359
2049.0;0.43484122;0.3261177;0.5829927
2050.0;0.44830218;0.33683923;0.6006264
2051.0;0.46521664;0.34997848;0.62081045
2052.0;0.48213115;0.36311772;0.6409946
2053.0;0.4990456;0.376257;0.6611787
2054.0;0.5159601;0.38939625;0.6813628
2055.0;0.5328746;0.40253547;0.70154685
2056.0;0.5497891;0.41567475;0.72173095
2057.0;0.5667035;0.42881396;0.74191505
2058.0;0.58361804;0.44195324;0.76209915
2059.0;0.6005325;0.45509246;0.78228325
2060.0;0.61744696;0.4682317;0.80246735
2061.0;0.6393212;0.48394987;0.82695824
2062.0;0.66119546;0.49966806;0.8514492
2063.0;0.6830697;0.5153862;0.8759402
2064.0;0.70494395;0.5311044;0.90043116
2065.0;0.72681814;0.5468225;0.9249221
2066.0;0.7486924;0.5625407;0.94941306
2067.0;0.77056664;0.5782589;0.973904
2068.0;0.79244083;0.593977;0.99839497
2069.0;0.8143151;0.6096952;1.0228859
2070.0;0.8361893;0.62541336;1.0473769
2071.0;0.8609978;0.644979;1.0750918
2072.0;0.8858064;0.66454464;1.1028069
2073.0;0.91061485;0.6841102;1.1305218
2074.0;0.93542343;0.7036759;1.1582369
2075.0;0.96023196;0.7232415;1.1859518
2076.0;0.9850405;0.74280715;1.2136668
2077.0;1.009849;0.7623728;1.2413819
2078.0;1.0346575;0.78193843;1.2690969
2079.0;1.0594659;0.801504;1.2968117
2080.0;1.0842745;0.8210697;1.3245268
2081.0;1.1120675;0.8424384;1.3519496
2082.0;1.1398606;0.86380726;1.3793728
2083.0;1.1676537;0.885176;1.4067956
2084.0;1.1954467;0.9065448;1.4342188
2085.0;1.2232398;0.9279135;1.4616416
2086.0;1.2510327;0.9492823;1.4890646
2087.0;1.2788258;0.9706511;1.5164876
2088.0;1.3066188;0.9920198;1.5439106
2089.0;1.3344119;1.0133885;1.5713335
2090.0;1.3622048;1.0347574;1.5987564
2091.0;1.3915763;1.0572555;1.6279397
2092.0;1.4209478;1.0797536;1.6571233
2093.0;1.450319;1.102252;1.6863066
2094.0;1.4796904;1.1247503;1.71549
2095.0;1.5090618;1.1472483;1.7446734
2096.0;1.5384332;1.1697466;1.7738566
2097.0;1.5678047;1.1922448;1.80304
2098.0;1.5971761;1.2147429;1.8322234
2099.0;1.6265473;1.237241;1.8614068
2100.0;1.6559188;1.2597394;1.8905902
2101.0;1.6839672;1.2810147;1.9267513
2102.0;1.7120159;1.3022901;1.9629123
2103.0;1.7400644;1.3235654;1.9990735
2104.0;1.7681128;1.3448405;2.0352347
2105.0;1.7961613;1.3661159;2.0713956
2106.0;1.8242097;1.3873912;2.1075568
2107.0;1.8522582;1.4086665;2.1437178
2108.0;1.8803066;1.4299419;2.179879
2109.0;1.9083552;1.4512173;2.2160401
2110.0;1.9364036;1.4724926;2.252201
2111.0;1.960369;1.4918996;2.2935832
2112.0;1.9843342;1.5113068;2.3349655
2113.0;2.0082996;1.5307139;2.3763475
2114.0;2.032265;1.550121;2.41773
2115.0;2.0562303;1.5695281;2.459112
2116.0;2.0801954;1.5889351;2.5004942
2117.0;2.1041605;1.6083423;2.5418763
2118.0;2.128126;1.6277494;2.5832584
2119.0;2.1520913;1.6471565;2.6246407
2120.0;2.1760566;1.6665636;2.6660228
2121.0;2.1971815;1.6833305;2.7072968
2122.0;2.2183063;1.7000974;2.7485712
2123.0;2.2394314;1.7168645;2.7898452
2124.0;2.2605565;1.7336314;2.8311193
2125.0;2.281681;1.7503983;2.8723936
2126.0;2.3028061;1.7671653;2.9136674
2127.0;2.323931;1.7839322;2.9549417
2128.0;2.3450558;1.8006992;2.996216
2129.0;2.3661807;1.817466;3.03749
2130.0;2.3873057;1.834233;3.0787642
2131.0;2.407523;1.8485962;3.1214628
2132.0;2.4277408;1.8629596;3.1641617
2133.0;2.447958;1.8773228;3.20686
2134.0;2.4681756;1.8916861;3.2495592
2135.0;2.488393;1.9060494;3.2922575
2136.0;2.5086102;1.9204125;3.3349564
2137.0;2.528828;1.9347758;3.3776548
2138.0;2.5490453;1.9491389;3.4203534
2139.0;2.569263;1.9635022;3.4630523
2140.0;2.5894802;1.9778655;3.505751
2141.0;2.6081533;1.9904929;3.5454867
2142.0;2.6268263;2.0031204;3.5852227
2143.0;2.6454992;2.015748;3.6249583
2144.0;2.6641724;2.0283754;3.664694
2145.0;2.682845;2.041003;3.7044296
2146.0;2.701518;2.0536304;3.7441654
2147.0;2.7201915;2.0662577;3.7839012
2148.0;2.7388642;2.0788856;3.823637
2149.0;2.7575371;2.091513;3.8633726
2150.0;2.7762103;2.1041403;3.9031084
