2020.0;0.12456758;0.10047544;0.15400425
2021.0;0.13351247;0.106543764;0.166756
2022.0;0.14245737;0.11261209;0.17950773
2023.0;0.15140225;0.11868042;0.19225949
2024.0;0.16034713;0.12474875;0.20501125
2025.0;0.16929202;0.13081706;0.21776299
2026.0;0.1782369;0.13688539;0.23051473
2027.0;0.1871818;0.14295372;0.24326648
2028.0;0.19612668;0.14902204;0.25601825
2029.0;0.20507155;0.15509036;0.26876998
2030.0;0.21401645;0.1611587;0.28152174
2031.0;0.22655413;0.17009643;0.29905692
2032.0;0.23909183;0.17903414;0.31659213
2033.0;0.25162947;0.18797188;0.3341273
2034.0;0.2641672;0.1969096;0.35166255
2035.0;0.27670485;0.20584734;0.36919773
2036.0;0.28924254;0.21478507;0.3867329
2037.0;0.30178022;0.2237228;0.4042681
2038.0;0.3143179;0.23266052;0.42180336
2039.0;0.32685557;0.24159825;0.43933854
2040.0;0.33939326;0.250536;0.45687371
2041.0;0.35630074;0.26316738;0.47874758
2042.0;0.3732083;0.27579883;0.5006215
2043.0;0.39011583;0.28843024;0.5224954
2044.0;0.4070233;0.3010617;0.5443693
2045.0;0.42393085;0.31369308;0.5662431
2046.0;0.44083837;0.32632452;0.588117
2047.0;0.4577459;0.33895594;0.60999084
2048.0;0.4746534;0.35158736;0.6318647
2049.0;0.4915609;0.36421874;0.65373856
2050.0;0.50846845;0.3768502;0.6756125
2051.0;0.5321036;0.3956341;0.7024225
2052.0;0.5557387;0.4144181;0.7292326
2053.0;0.5793739;0.43320206;0.75604266
2054.0;0.60300905;0.451986;0.78285277
2055.0;0.6266442;0.47076997;0.80966276
2056.0;0.6502793;0.4895539;0.83647275
2057.0;0.67391443;0.50833786;0.8632829
2058.0;0.6975496;0.52712184;0.89009297
2059.0;0.72118473;0.54590577;0.916903
2060.0;0.7448199;0.5646897;0.94371307
2061.0;0.774992;0.5877414;0.97565603
2062.0;0.8051641;0.6107931;1.007599
2063.0;0.8353362;0.6338448;1.0395418
2064.0;0.8655084;0.6568965;1.0714848
2065.0;0.8956804;0.6799482;1.1034278
2066.0;0.92585254;0.7029999;1.1353707
2067.0;0.95602465;0.72605157;1.1673136
2068.0;0.9861968;0.74910325;1.1992565
2069.0;1.0163689;0.772155;1.2311995
2070.0;1.046541;0.79520667;1.2631425
2071.0;1.0824634;0.82464117;1.2992755
2072.0;1.1183858;0.8540758;1.3354087
2073.0;1.1543081;0.88351035;1.3715417
2074.0;1.1902305;0.912945;1.4076748
2075.0;1.2261528;0.9423795;1.4438078
2076.0;1.2620752;0.97181404;1.479941
2077.0;1.2979976;1.0012486;1.5160741
2078.0;1.3339199;1.0306832;1.5522072
2079.0;1.3698423;1.0601177;1.5883403
2080.0;1.4057647;1.0895523;1.6244733
2081.0;1.4441837;1.1282623;1.6636846
2082.0;1.4826028;1.1669725;1.7028958
2083.0;1.521022;1.2056828;1.7421069
2084.0;1.5594412;1.244393;1.7813182
2085.0;1.5978601;1.283103;1.8205293
2086.0;1.6362793;1.3218132;1.8597406
2087.0;1.6746984;1.3605235;1.8989518
2088.0;1.7131176;1.3992336;1.9381629
2089.0;1.7515366;1.4379437;1.9773742
2090.0;1.7899557;1.4766539;2.0165854
2091.0;1.8296605;1.5181986;2.05883
2092.0;1.8693655;1.5597433;2.101075
2093.0;1.9090703;1.601288;2.1433196
2094.0;1.9487752;1.6428328;2.1855645
2095.0;1.98848;1.6843774;2.2278092
2096.0;2.028185;1.7259221;2.2700536
2097.0;2.0678897;1.7674668;2.3122985
2098.0;2.1075945;1.8090115;2.3545432
2099.0;2.1472993;1.8505561;2.3967881
2100.0;2.187004;1.8921008;2.4390328
2101.0;2.2289383;1.9219929;2.4869957
2102.0;2.2708724;1.951885;2.5349586
2103.0;2.3128061;1.9817771;2.5829215
2104.0;2.3547404;2.0116692;2.6308842
2105.0;2.3966744;2.0415614;2.6788468
2106.0;2.4386084;2.0714533;2.7268097
2107.0;2.4805424;2.1013455;2.7747724
2108.0;2.522477;2.1312375;2.8227353
2109.0;2.5644107;2.1611297;2.8706982
2110.0;2.6063447;2.1910217;2.918661
2111.0;2.6436555;2.217047;2.976371
2112.0;2.6809669;2.2430718;3.0340815
2113.0;2.7182775;2.2690969;3.0917914
2114.0;2.7555883;2.2951221;3.149502
2115.0;2.7928994;2.321147;3.207212
2116.0;2.8302102;2.347172;3.2649221
2117.0;2.867521;2.373197;3.3226323
2118.0;2.9048321;2.3992221;3.3803425
2119.0;2.9421427;2.4252474;3.4380527
2120.0;2.9794538;2.4512722;3.4957628
2121.0;3.0100996;2.4729266;3.5608919
2122.0;3.0407457;2.4945805;3.626021
2123.0;3.0713916;2.5162349;3.69115
2124.0;3.1020377;2.5378892;3.7562788
2125.0;3.1326835;2.559543;3.8214078
2126.0;3.1633296;2.5811973;3.8865366
2127.0;3.1939757;2.6028516;3.9516656
2128.0;3.2246215;2.6245055;4.016795
2129.0;3.2552676;2.6461596;4.081924
2130.0;3.2859132;2.667814;4.147053
2131.0;3.3155491;2.6854417;4.2193847
2132.0;3.3451846;2.7030697;4.2917166
2133.0;3.3748202;2.7206972;4.3640485
2134.0;3.4044561;2.738325;4.4363804
2135.0;3.4340916;2.7559526;4.5087123
2136.0;3.4637272;2.7735803;4.581044
2137.0;3.493363;2.791208;4.6533766
2138.0;3.5229986;2.808836;4.725708
2139.0;3.552634;2.8264637;4.7980404
2140.0;3.5822697;2.8440914;4.8703723
2141.0;3.6100154;2.8590758;4.9437838
2142.0;3.6377609;2.8740602;5.0171947
2143.0;3.6655066;2.8890443;5.090606
2144.0;3.6932523;2.9040287;5.164018
2145.0;3.7209976;2.9190128;5.2374296
2146.0;3.748743;2.9339972;5.3108406
2147.0;3.7764888;2.9489815;5.3842525
2148.0;3.8042343;2.963966;5.4576635
2149.0;3.83198;2.97895;5.531075
2150.0;3.8597255;2.9939344;5.604487
