2020.0;0.12391519;0.09619653;0.1511882
2021.0;0.13139977;0.10192528;0.16078387
2022.0;0.13888437;0.10765405;0.17037955
2023.0;0.14636894;0.113382794;0.17997524
2024.0;0.15385355;0.11911157;0.1895709
2025.0;0.16133812;0.12484032;0.19916658
2026.0;0.1688227;0.13056907;0.20876227
2027.0;0.17630729;0.13629782;0.21835792
2028.0;0.18379188;0.1420266;0.22795361
2029.0;0.19127646;0.14775534;0.23754928
2030.0;0.19876105;0.1534841;0.24714495
2031.0;0.20745227;0.16012067;0.25836322
2032.0;0.21614352;0.16675726;0.2695815
2033.0;0.22483477;0.17339383;0.28079975
2034.0;0.233526;0.18003039;0.292018
2035.0;0.24221723;0.18666698;0.30323628
2036.0;0.25090846;0.19330354;0.31445453
2037.0;0.25959972;0.19994013;0.3256728
2038.0;0.26829094;0.2065767;0.33689103
2039.0;0.27698216;0.2132133;0.34810928
2040.0;0.2856734;0.21984985;0.35932755
2041.0;0.29531056;0.22758538;0.3714205
2042.0;0.30494776;0.23532088;0.38351348
2043.0;0.3145849;0.2430564;0.39560652
2044.0;0.32422212;0.2507919;0.40769947
2045.0;0.33385926;0.2585274;0.4197924
2046.0;0.34349644;0.26626295;0.43188545
2047.0;0.35313362;0.27399844;0.4439784
2048.0;0.36277077;0.28173396;0.45607138
2049.0;0.37240794;0.28946945;0.46816432
2050.0;0.3820451;0.297205;0.48025733
2051.0;0.39283863;0.30618438;0.49336606
2052.0;0.40363216;0.31516382;0.50647485
2053.0;0.41442573;0.32414326;0.5195836
2054.0;0.42521924;0.33312267;0.5326924
2055.0;0.43601274;0.3421021;0.5458011
2056.0;0.44680628;0.35108155;0.55890983
2057.0;0.4575998;0.36006093;0.57201856
2058.0;0.4683934;0.36904034;0.58512735
2059.0;0.4791869;0.3780198;0.5982361
2060.0;0.4899804;0.38699922;0.6113449
2061.0;0.5029874;0.39746153;0.6268369
2062.0;0.5159944;0.40792388;0.6423291
2063.0;0.5290014;0.41838625;0.6578212
2064.0;0.5420084;0.42884862;0.6733134
2065.0;0.5550154;0.43931094;0.6888054
2066.0;0.5680225;0.4497733;0.70429754
2067.0;0.5810294;0.46023563;0.7197897
2068.0;0.59403646;0.470698;0.7352819
2069.0;0.6070434;0.4811603;0.7507739
2070.0;0.62005043;0.4916227;0.76626605
2071.0;0.6355791;0.50445026;0.78380877
2072.0;0.6511079;0.51727796;0.8013516
2073.0;0.6666366;0.53010553;0.8188943
2074.0;0.6821653;0.5429332;0.8364371
2075.0;0.697694;0.5557608;0.8539799
2076.0;0.7132228;0.56858844;0.87152267
2077.0;0.7287515;0.581416;0.8890654
2078.0;0.7442802;0.5942437;0.90660816
2079.0;0.7598089;0.6070713;0.92415094
2080.0;0.77533764;0.6198989;0.94169366
2081.0;0.7942001;0.6363905;0.9614045
2082.0;0.8130628;0.65288216;0.9811153
2083.0;0.8319253;0.6693737;1.000826
2084.0;0.8507879;0.68586534;1.020537
2085.0;0.86965036;0.70235693;1.0402477
2086.0;0.88851297;0.7188485;1.0599585
2087.0;0.9073756;0.73534006;1.0796694
2088.0;0.9262381;0.75183177;1.0993801
2089.0;0.9451006;0.76832336;1.1190909
2090.0;0.9639632;0.78481495;1.1388018
2091.0;0.9857506;0.80165625;1.1631335
2092.0;1.0075382;0.81849754;1.1874653
2093.0;1.0293256;0.8353389;1.2117971
2094.0;1.051113;0.8521802;1.2361289
2095.0;1.0729004;0.8690215;1.2604607
2096.0;1.0946878;0.88586277;1.2847927
2097.0;1.1164753;0.9027041;1.3091244
2098.0;1.1382629;0.9195454;1.3334562
2099.0;1.1600502;0.93638664;1.357788
2100.0;1.1818377;0.95322794;1.3821198
2101.0;1.2058346;0.9692945;1.4133152
2102.0;1.2298318;0.98536104;1.4445107
2103.0;1.2538288;1.0014275;1.4757062
2104.0;1.277826;1.0174941;1.5069017
2105.0;1.3018229;1.0335605;1.5380971
2106.0;1.32582;1.0496271;1.5692924
2107.0;1.349817;1.0656936;1.6004881
2108.0;1.3738141;1.0817602;1.6316836
2109.0;1.3978112;1.0978267;1.662879
2110.0;1.4218081;1.1138932;1.6940745
2111.0;1.4447842;1.1285475;1.7347293
2112.0;1.4677603;1.1432022;1.7753843
2113.0;1.4907365;1.1578566;1.8160391
2114.0;1.5137125;1.1725111;1.8566939
2115.0;1.5366886;1.1871655;1.8973488
2116.0;1.5596647;1.20182;1.9380037
2117.0;1.5826409;1.2164745;1.9786584
2118.0;1.6056168;1.2311289;2.0193133
2119.0;1.628593;1.2457834;2.0599682
2120.0;1.6515691;1.2604378;2.1006231
2121.0;1.6720444;1.2739867;2.1542168
2122.0;1.6925198;1.2875355;2.2078106
2123.0;1.7129954;1.3010844;2.2614045
2124.0;1.7334707;1.3146331;2.3149986
2125.0;1.7539461;1.3281819;2.3685923
2126.0;1.7744213;1.3417307;2.4221861
2127.0;1.7948967;1.3552796;2.4757798
2128.0;1.8153722;1.3688284;2.5293736
2129.0;1.8358475;1.3823771;2.5829673
2130.0;1.8563229;1.395926;2.6365614
2131.0;1.8750618;1.4084153;2.7019858
2132.0;1.8938009;1.4209048;2.7674105
2133.0;1.9125398;1.4333941;2.832835
2134.0;1.931279;1.4458835;2.8982599
2135.0;1.9500178;1.4583728;2.963684
2136.0;1.9687568;1.470862;3.029109
2137.0;1.9874959;1.4833515;3.0945334
2138.0;2.0062346;1.4958408;3.1599581
2139.0;2.0249739;1.5083301;3.2253826
2140.0;2.0437129;1.5208194;3.2908072
2141.0;2.0622737;1.5328364;3.368844
2142.0;2.0808346;1.5448537;3.446881
2143.0;2.0993955;1.5568706;3.524918
2144.0;2.1179566;1.5688877;3.602955
2145.0;2.1365173;1.5809045;3.6809921
2146.0;2.1550784;1.5929216;3.7590292
2147.0;2.173639;1.6049386;3.8370662
2148.0;2.1922002;1.6169558;3.915103
2149.0;2.210761;1.6289728;3.9931402
2150.0;2.229322;1.6409898;4.071177
