2020.0;0.1425884;0.12066721;0.16610223
2021.0;0.15153879;0.12669545;0.17823932
2022.0;0.16048919;0.13272369;0.19037642
2023.0;0.16943954;0.13875194;0.2025135
2024.0;0.17838994;0.14478019;0.2146506
2025.0;0.18734032;0.15080841;0.22678769
2026.0;0.19629072;0.15683666;0.23892477
2027.0;0.20524107;0.1628649;0.2510619
2028.0;0.21419147;0.16889313;0.26319897
2029.0;0.22314185;0.17492138;0.27533606
2030.0;0.23209223;0.18094961;0.28747314
2031.0;0.24458279;0.18966423;0.3047538
2032.0;0.2570734;0.19837888;0.32203448
2033.0;0.26956397;0.2070935;0.33931512
2034.0;0.28205457;0.21580814;0.35659578
2035.0;0.29454514;0.22452275;0.37387645
2036.0;0.3070357;0.2332374;0.39115712
2037.0;0.3195263;0.241952;0.4084378
2038.0;0.33201692;0.25066665;0.42571846
2039.0;0.3445075;0.25938126;0.4429991
2040.0;0.35699806;0.26809588;0.46027976
2041.0;0.37406886;0.28186405;0.48230955
2042.0;0.39113966;0.2956322;0.50433934
2043.0;0.40821043;0.30940035;0.52636915
2044.0;0.42528123;0.32316855;0.548399
2045.0;0.442352;0.3369367;0.5704288
2046.0;0.4594228;0.35070488;0.59245855
2047.0;0.47649357;0.36447302;0.61448836
2048.0;0.49356437;0.37824118;0.6365182
2049.0;0.51063514;0.39200935;0.658548
2050.0;0.5277059;0.40577748;0.68057775
2051.0;0.55116427;0.42507705;0.706971
2052.0;0.57462263;0.44437668;0.7333644
2053.0;0.59808093;0.46367627;0.7597577
2054.0;0.6215393;0.48297584;0.786151
2055.0;0.6449976;0.5022754;0.8125442
2056.0;0.66845596;0.52157503;0.8389376
2057.0;0.69191426;0.5408746;0.8653309
2058.0;0.7153727;0.5601741;0.8917241
2059.0;0.738831;0.57947373;0.9181174
2060.0;0.7622893;0.5987733;0.94451076
2061.0;0.7927887;0.6213351;0.97598416
2062.0;0.8232882;0.6438968;1.0074575
2063.0;0.85378754;0.66645855;1.0389309
2064.0;0.884287;0.68902034;1.0704044
2065.0;0.9147864;0.711582;1.1018777
2066.0;0.94528586;0.7341438;1.1333511
2067.0;0.97578514;0.7567055;1.1648246
2068.0;1.0062847;0.77926725;1.196298
2069.0;1.036784;0.801829;1.2277713
2070.0;1.0672834;0.82439077;1.2592448
2071.0;1.1029832;0.8546278;1.295248
2072.0;1.1386831;0.8848649;1.3312515
2073.0;1.1743829;0.91510195;1.3672549
2074.0;1.2100829;0.945339;1.4032583
2075.0;1.2457827;0.9755761;1.4392614
2076.0;1.2814826;1.0058131;1.4752649
2077.0;1.3171824;1.0360503;1.5112681
2078.0;1.3528821;1.0662874;1.5472717
2079.0;1.388582;1.0965244;1.5832751
2080.0;1.4242818;1.1267614;1.6192783
2081.0;1.4629961;1.1665015;1.6585286
2082.0;1.5017103;1.2062416;1.6977789
2083.0;1.5404246;1.2459816;1.7370291
2084.0;1.5791386;1.2857217;1.7762794
2085.0;1.6178529;1.3254616;1.8155297
2086.0;1.6565671;1.3652017;1.85478
2087.0;1.6952813;1.4049418;1.8940303
2088.0;1.7339954;1.4446818;1.9332805
2089.0;1.7727097;1.4844217;1.9725307
2090.0;1.8114239;1.5241618;2.011781
2091.0;1.8506391;1.5647978;2.0537174
2092.0;1.8898546;1.6054338;2.0956535
2093.0;1.9290696;1.6460698;2.13759
2094.0;1.968285;1.6867058;2.179526
2095.0;2.0075002;1.7273418;2.2214625
2096.0;2.0467153;1.7679778;2.2633984
2097.0;2.0859306;1.8086137;2.3053348
2098.0;2.125146;1.8492497;2.347271
2099.0;2.164361;1.8898857;2.3892074
2100.0;2.2035763;1.9305216;2.4311435
