2020.0;0.1428555;0.120506614;0.17013218
2021.0;0.15014073;0.1261308;0.17865273
2022.0;0.15742597;0.13175501;0.18717329
2023.0;0.1647112;0.1373792;0.19569385
2024.0;0.17199643;0.14300339;0.20421442
2025.0;0.17928168;0.14862758;0.21273497
2026.0;0.1865669;0.15425177;0.22125553
2027.0;0.19385214;0.15987596;0.2297761
2028.0;0.20113736;0.16550015;0.23829664
2029.0;0.2084226;0.17112434;0.2468172
2030.0;0.21570784;0.17674853;0.25533777
2031.0;0.2233255;0.18324016;0.26408178
2032.0;0.23094314;0.18973179;0.27282584
2033.0;0.23856081;0.19622342;0.2815699
2034.0;0.24617846;0.20271504;0.2903139
2035.0;0.2537961;0.20920667;0.29905796
2036.0;0.26141378;0.21569827;0.307802
2037.0;0.26903144;0.22218992;0.31654602
2038.0;0.2766491;0.22868153;0.32529002
2039.0;0.28426674;0.23517315;0.3340341
2040.0;0.2918844;0.24166478;0.34277815
2041.0;0.29927313;0.24775805;0.3515291
2042.0;0.3066619;0.25385135;0.36028007
2043.0;0.31405064;0.25994462;0.36903104
2044.0;0.3214394;0.2660379;0.37778202
2045.0;0.32882816;0.27213117;0.38653296
2046.0;0.33621693;0.27822444;0.39528394
2047.0;0.34360564;0.2843177;0.4040349
2048.0;0.35099438;0.29041097;0.4127859
2049.0;0.35838315;0.29650423;0.42153686
2050.0;0.36577192;0.30259752;0.4302878
2051.0;0.37321094;0.30950338;0.43850607
2052.0;0.38064998;0.3164093;0.44672433
2053.0;0.38808906;0.32331514;0.45494255
2054.0;0.39552808;0.33022106;0.4631608
2055.0;0.4029671;0.3371269;0.4713791
2056.0;0.4104062;0.3440328;0.47959733
2057.0;0.4178452;0.35093868;0.48781556
2058.0;0.42528424;0.35784453;0.49603385
2059.0;0.43272328;0.36475042;0.5042521
2060.0;0.44016233;0.3716563;0.51247036
2061.0;0.44770652;0.37875572;0.520886
2062.0;0.4552507;0.3858551;0.52930164
2063.0;0.4627949;0.39295453;0.5377172
2064.0;0.47033912;0.40005395;0.54613286
2065.0;0.4778833;0.4071533;0.5545485
2066.0;0.4854275;0.41425276;0.5629642
2067.0;0.4929717;0.42135215;0.57137984
2068.0;0.5005159;0.42845157;0.5797954
2069.0;0.50806004;0.43555096;0.5882111
2070.0;0.51560426;0.44265035;0.5966267
2071.0;0.5234634;0.44936576;0.6057043
2072.0;0.53132266;0.45608118;0.61478186
2073.0;0.5391819;0.46279657;0.62385947
2074.0;0.54704106;0.46951196;0.632937
2075.0;0.5549003;0.4762273;0.64201456
2076.0;0.56275946;0.48294276;0.6510922
2077.0;0.5706186;0.48965815;0.6601697
2078.0;0.57847786;0.4963735;0.6692473
2079.0;0.5863371;0.5030889;0.6783249
2080.0;0.59419626;0.5098043;0.6874025
2081.0;0.60141087;0.516981;0.69575197
2082.0;0.6086254;0.52415776;0.7041014
2083.0;0.61583996;0.5313345;0.7124508
2084.0;0.62305456;0.5385113;0.7208003
2085.0;0.6302691;0.54568803;0.7291497
2086.0;0.63748366;0.5528648;0.7374991
2087.0;0.64469826;0.56004155;0.74584866
2088.0;0.6519128;0.56721824;0.7541981
2089.0;0.6591273;0.57439506;0.7625475
2090.0;0.6663419;0.58157176;0.770897
2091.0;0.67415535;0.58786356;0.78061587
2092.0;0.68196887;0.5941553;0.7903348
2093.0;0.68978226;0.6004471;0.8000537
2094.0;0.6975958;0.60673887;0.80977273
2095.0;0.70540917;0.6130306;0.81949157
2096.0;0.7132227;0.61932236;0.8292105
2097.0;0.7210361;0.6256142;0.8389294
2098.0;0.72884953;0.631906;0.8486483
2099.0;0.73666304;0.6381977;0.85836726
2100.0;0.74447644;0.6444895;0.86808616
