2020.0;0.1428555;0.120142706;0.16493864
2021.0;0.15037698;0.12627621;0.17429517
2022.0;0.15789844;0.1324097;0.18365169
2023.0;0.16541989;0.13854322;0.19300821
2024.0;0.17294137;0.14467672;0.20236474
2025.0;0.18046282;0.15081021;0.21172126
2026.0;0.1879843;0.15694371;0.22107778
2027.0;0.19550577;0.1630772;0.23043431
2028.0;0.20302722;0.1692107;0.23979083
2029.0;0.21054868;0.17534421;0.24914736
2030.0;0.21807016;0.18147773;0.25850388
2031.0;0.22676888;0.1884046;0.2694368
2032.0;0.23546763;0.1953315;0.28036976
2033.0;0.24416633;0.2022584;0.29130268
2034.0;0.25286508;0.20918527;0.3022356
2035.0;0.26156378;0.21611217;0.31316856
2036.0;0.2702625;0.22303906;0.32410148
2037.0;0.27896124;0.22996594;0.33503443
2038.0;0.28765997;0.23689283;0.34596735
2039.0;0.2963587;0.24381973;0.3569003
2040.0;0.3050574;0.2507466;0.36783323
2041.0;0.31466234;0.25866964;0.37955946
2042.0;0.3242672;0.2665927;0.39128566
2043.0;0.33387214;0.27451575;0.40301186
2044.0;0.34347704;0.28243878;0.4147381
2045.0;0.3530819;0.29036182;0.4264643
2046.0;0.36268684;0.2982849;0.43819055
2047.0;0.37229174;0.30620793;0.44991675
2048.0;0.38189664;0.314131;0.46164298
2049.0;0.39150152;0.32205403;0.47336918
2050.0;0.40110645;0.32997707;0.4850954
2051.0;0.41179153;0.3394327;0.4975135
2052.0;0.42247668;0.34888834;0.5099316
2053.0;0.43316177;0.35834393;0.52234966
2054.0;0.4438469;0.36779955;0.5347678
2055.0;0.45453197;0.3772552;0.5471859
2056.0;0.4652171;0.38671082;0.559604
2057.0;0.47590223;0.39616644;0.5720221
2058.0;0.48658735;0.40562207;0.5844402
2059.0;0.49727243;0.4150777;0.59685826
2060.0;0.5079576;0.42453334;0.60927635
2061.0;0.52068114;0.43538532;0.6243835
2062.0;0.53340477;0.4462373;0.63949066
2063.0;0.54612833;0.45708928;0.65459776
2064.0;0.558852;0.46794128;0.669705
2065.0;0.5715756;0.47879323;0.68481207
2066.0;0.5842992;0.48964524;0.69991916
2067.0;0.59702283;0.5004972;0.7150263
2068.0;0.6097464;0.5113492;0.73013353
2069.0;0.62247;0.5222012;0.7452407
2070.0;0.6351936;0.53305316;0.7603478
2071.0;0.65122265;0.5464298;0.7778439
2072.0;0.66725165;0.55980647;0.79534
2073.0;0.6832807;0.5731831;0.81283605
2074.0;0.69930977;0.58655983;0.8303322
2075.0;0.71533877;0.5999364;0.8478283
2076.0;0.7313678;0.61331314;0.8653244
2077.0;0.74739677;0.6266897;0.88282055
2078.0;0.7634258;0.6400664;0.90031666
2079.0;0.7794548;0.653443;0.91781276
2080.0;0.7954839;0.6668197;0.9353088
2081.0;0.81453806;0.6832233;0.95429766
2082.0;0.83359236;0.69962704;0.97328645
2083.0;0.85264647;0.71603066;0.9922753
2084.0;0.87170076;0.73243433;1.0112641
2085.0;0.89075494;0.74883795;1.0302529
2086.0;0.9098092;0.76524156;1.0492417
2087.0;0.9288634;0.7816452;1.0682305
2088.0;0.9479176;0.798049;1.0872192
2089.0;0.9669718;0.8144526;1.1062081
2090.0;0.986026;0.8308562;1.1251969
2091.0;1.0081872;0.8473772;1.1498706
2092.0;1.0303483;0.86389834;1.1745443
2093.0;1.0525095;0.8804193;1.199218
2094.0;1.0746707;0.8969403;1.2238919
2095.0;1.0968318;0.9134614;1.2485654
2096.0;1.1189929;0.9299824;1.2732391
2097.0;1.141154;0.9465034;1.2979128
2098.0;1.1633152;0.96302444;1.3225867
2099.0;1.1854763;0.9795455;1.3472602
2100.0;1.2076374;0.9960665;1.3719339
