2020.0;0.11362782;0.083699994;0.14530124
2021.0;0.119908184;0.0882428;0.15349832
2022.0;0.12618855;0.09278561;0.16169539
2023.0;0.13246891;0.09732842;0.16989248
2024.0;0.13874927;0.10187123;0.17808956
2025.0;0.14502963;0.106414035;0.18628663
2026.0;0.15131;0.11095684;0.1944837
2027.0;0.15759034;0.115499645;0.20268077
2028.0;0.16387069;0.12004245;0.21087785
2029.0;0.17015105;0.124585256;0.21907492
2030.0;0.17643143;0.12912807;0.227272
2031.0;0.18280451;0.13436493;0.23487833
2032.0;0.18917759;0.13960181;0.24248466
2033.0;0.19555067;0.14483868;0.250091
2034.0;0.20192374;0.15007553;0.2576973
2035.0;0.20829682;0.1553124;0.26530364
2036.0;0.2146699;0.16054927;0.27290997
2037.0;0.22104298;0.16578613;0.2805163
2038.0;0.22741605;0.171023;0.28812262
2039.0;0.23378912;0.17625988;0.29572895
2040.0;0.2401622;0.18149674;0.30333528
2041.0;0.2462564;0.18612325;0.31101462
2042.0;0.2523506;0.19074975;0.31869397
2043.0;0.2584448;0.19537628;0.32637334
2044.0;0.264539;0.2000028;0.33405268
2045.0;0.2706332;0.2046293;0.34173205
2046.0;0.27672738;0.20925583;0.3494114
2047.0;0.2828216;0.21388233;0.35709077
2048.0;0.28891578;0.21850885;0.3647701
2049.0;0.29501;0.22313535;0.37244946
2050.0;0.3011042;0.22776186;0.3801288
2051.0;0.3066532;0.2321532;0.38717628
2052.0;0.3122022;0.23654456;0.3942237
2053.0;0.3177512;0.2409359;0.40127113
2054.0;0.32330018;0.24532726;0.4083186
2055.0;0.3288492;0.2497186;0.41536602
2056.0;0.33439815;0.25410995;0.42241344
2057.0;0.33994716;0.25850132;0.42946088
2058.0;0.34549615;0.26289266;0.43650833
2059.0;0.35104513;0.267284;0.44355574
2060.0;0.35659415;0.27167535;0.45060322
2061.0;0.36148024;0.27574977;0.45637792
2062.0;0.36636636;0.27982423;0.46215272
2063.0;0.37125245;0.28389865;0.46792743
2064.0;0.37613854;0.2879731;0.4737022
2065.0;0.38102466;0.29204756;0.4794769
2066.0;0.38591075;0.29612195;0.48525164
2067.0;0.39079684;0.3001964;0.49102637
2068.0;0.39568293;0.30427083;0.4968011
2069.0;0.40056902;0.3083453;0.5025758
2070.0;0.40545514;0.3124197;0.5083506
2071.0;0.4096192;0.31538332;0.51384765
2072.0;0.4137833;0.3183469;0.51934487
2073.0;0.4179474;0.32131046;0.5248419
2074.0;0.4221115;0.32427403;0.5303391
2075.0;0.42627558;0.32723764;0.53583616
2076.0;0.4304397;0.33020124;0.5413333
2077.0;0.43460372;0.3331648;0.5468304
2078.0;0.43876785;0.3361284;0.5523276
2079.0;0.44293192;0.339092;0.55782473
2080.0;0.44709602;0.34205556;0.5633218
2081.0;0.45078588;0.34445277;0.5685906
2082.0;0.45447582;0.34684998;0.5738593
2083.0;0.4581657;0.34924716;0.57912797
2084.0;0.46185565;0.35164434;0.5843967
2085.0;0.46554554;0.35404158;0.5896654
2086.0;0.46923542;0.35643876;0.59493417
2087.0;0.47292536;0.35883594;0.6002028
2088.0;0.47661522;0.36123312;0.60547155
2089.0;0.48030517;0.36363035;0.6107403
2090.0;0.48399505;0.36602753;0.616009
2091.0;0.48897132;0.369071;0.6234752
2092.0;0.49394757;0.3721145;0.63094145
2093.0;0.49892387;0.37515798;0.63840765
2094.0;0.5039001;0.37820148;0.6458739
2095.0;0.5088764;0.38124496;0.65334016
2096.0;0.51385266;0.38428846;0.6608064
2097.0;0.51882887;0.38733193;0.66827255
2098.0;0.5238052;0.39037544;0.6757388
2099.0;0.5287814;0.3934189;0.68320507
2100.0;0.5337577;0.3964624;0.6906713
2101.0;0.53849304;0.39970466;0.6972373
2102.0;0.5432285;0.40294692;0.7038033
2103.0;0.54796386;0.40618917;0.7103693
2104.0;0.55269927;0.40943146;0.7169353
2105.0;0.5574347;0.4126737;0.7235012
2106.0;0.56217;0.41591597;0.73006725
2107.0;0.56690544;0.4191582;0.73663324
2108.0;0.57164085;0.42240047;0.7431992
2109.0;0.5763762;0.4256427;0.7497652
2110.0;0.5811116;0.42888498;0.7563312
2111.0;0.5857566;0.4319808;0.76284784
2112.0;0.59040165;0.43507662;0.7693645
2113.0;0.5950467;0.43817243;0.77588123
2114.0;0.5996917;0.44126824;0.78239787
2115.0;0.6043367;0.44436407;0.78891456
2116.0;0.60898167;0.4474599;0.79543114
2117.0;0.6136267;0.4505557;0.8019479
2118.0;0.6182717;0.45365155;0.8084645
2119.0;0.62291676;0.45674738;0.8149812
2120.0;0.62756175;0.45984316;0.82149786
2121.0;0.63203645;0.46275038;0.82789135
2122.0;0.6365111;0.46565753;0.8342849
2123.0;0.64098585;0.46856472;0.8406784
2124.0;0.6454605;0.47147194;0.8470719
2125.0;0.6499352;0.4743791;0.8534654
2126.0;0.65440977;0.47728625;0.8598589
2127.0;0.6588845;0.4801934;0.8662524
2128.0;0.66335917;0.48310062;0.8726459
2129.0;0.6678338;0.4860078;0.87903935
2130.0;0.6723085;0.48891497;0.8854329
2131.0;0.6767493;0.49175435;0.89192814
2132.0;0.6811901;0.49459374;0.89842355
2133.0;0.6856308;0.49743313;0.9049188
2134.0;0.6900715;0.5002725;0.9114141
2135.0;0.69451225;0.5031119;0.9179093
2136.0;0.69895303;0.5059513;0.9244046
2137.0;0.7033938;0.5087907;0.93089986
2138.0;0.7078345;0.51163006;0.93739516
2139.0;0.71227527;0.5144695;0.94389045
2140.0;0.716716;0.51730883;0.9503857
2141.0;0.7211319;0.520066;0.95668286
2142.0;0.72554785;0.5228232;0.96298
2143.0;0.7299637;0.52558047;0.96927714
2144.0;0.7343797;0.52833766;0.9755743
2145.0;0.7387956;0.53109485;0.9818715
2146.0;0.7432115;0.53385204;0.98816866
2147.0;0.74762744;0.53660923;0.9944658
2148.0;0.7520433;0.5393665;1.0007629
2149.0;0.7564593;0.5421237;1.0070602
2150.0;0.76087517;0.54488087;1.0133573
