2020.0;0.14310914;0.11346489;0.19552301
2021.0;0.1516777;0.119340286;0.21016775
2022.0;0.16024625;0.12521568;0.22481252
2023.0;0.1688148;0.13109106;0.23945728
2024.0;0.17738335;0.13696647;0.25410202
2025.0;0.18595189;0.14284186;0.26874676
2026.0;0.19452043;0.14871724;0.28339154
2027.0;0.20308898;0.15459263;0.29803625
2028.0;0.21165754;0.16046803;0.31268102
2029.0;0.22022608;0.16634344;0.32732576
2030.0;0.22879463;0.17221881;0.34197053
2031.0;0.23919106;0.17986594;0.36230826
2032.0;0.24958749;0.18751307;0.38264596
2033.0;0.2599839;0.19516018;0.4029837
2034.0;0.27038035;0.2028073;0.42332146
2035.0;0.28077677;0.21045443;0.44365916
2036.0;0.2911732;0.21810156;0.4639969
2037.0;0.3015696;0.22574869;0.4843346
2038.0;0.31196603;0.23339581;0.50467235
2039.0;0.32236242;0.24104294;0.52501005
2040.0;0.33275887;0.24869007;0.54534775
2041.0;0.3462198;0.2594116;0.5682434
2042.0;0.35968077;0.27013314;0.5911391
2043.0;0.37314174;0.28085467;0.6140347
2044.0;0.3866027;0.29157624;0.6369304
2045.0;0.40006363;0.30229774;0.65982604
2046.0;0.4135246;0.31301928;0.6827217
2047.0;0.42698553;0.3237408;0.7056173
2048.0;0.44044647;0.33446234;0.72851306
2049.0;0.4539074;0.3451839;0.75140864
2050.0;0.46736836;0.3559054;0.77430433
2051.0;0.48428285;0.3690447;0.7973228
2052.0;0.50119734;0.38218394;0.82034135
2053.0;0.5181118;0.3953232;0.8433599
2054.0;0.5350263;0.40846244;0.8663784
2055.0;0.55194074;0.42160168;0.8893969
2056.0;0.5688552;0.4347409;0.9124154
2057.0;0.5857697;0.44788015;0.935434
2058.0;0.6026842;0.46101943;0.95845246
2059.0;0.6195987;0.47415867;0.98147094
2060.0;0.6365131;0.48729792;1.0044895
2061.0;0.65838736;0.50301605;1.027505
2062.0;0.6802616;0.5187343;1.0505207
2063.0;0.70213586;0.5344524;1.0735363
2064.0;0.7240101;0.55017054;1.0965519
2065.0;0.7458843;0.56588864;1.1195674
2066.0;0.76775855;0.58160686;1.142583
2067.0;0.7896328;0.597325;1.1655985
2068.0;0.81150705;0.6130432;1.1886141
2069.0;0.83338124;0.62876135;1.2116296
2070.0;0.8552555;0.6444795;1.2346452
2071.0;0.88006395;0.66404516;1.259048
2072.0;0.90487254;0.6836108;1.283451
2073.0;0.929681;0.7031764;1.3078536
2074.0;0.95448965;0.7227421;1.3322564
2075.0;0.9792981;0.74230766;1.3566592
2076.0;1.0041066;0.7618733;1.381062
2077.0;1.0289152;0.78143895;1.4054649
2078.0;1.0537236;0.8010046;1.4298676
2079.0;1.0785321;0.8205702;1.4542705
2080.0;1.1033407;0.8401359;1.4786732
2081.0;1.1311337;0.86150455;1.5046027
2082.0;1.1589267;0.8828734;1.5305322
2083.0;1.1867199;0.90424216;1.5564617
2084.0;1.214513;0.92561096;1.5823911
2085.0;1.2423059;0.9469797;1.6083206
2086.0;1.2700989;0.96834844;1.63425
2087.0;1.297892;0.98971725;1.6601795
2088.0;1.3256849;1.011086;1.6861091
2089.0;1.3534781;1.0324547;1.7120383
2090.0;1.381271;1.0538235;1.7379678
2091.0;1.4106425;1.0763216;1.7704761
2092.0;1.4400139;1.0988199;1.8029845
2093.0;1.4693853;1.1213181;1.8354927
2094.0;1.4987566;1.1438164;1.868001
2095.0;1.5281279;1.1663145;1.900509
2096.0;1.5574994;1.1888127;1.9330174
2097.0;1.5868709;1.2113109;1.9655255
2098.0;1.6162422;1.2338091;1.9980339
2099.0;1.6456136;1.2563072;2.0305421
2100.0;1.6749849;1.2788055;2.0630503
