1994.0;-0.026401512
1995.0;0.012430355
1996.0;0.007113903
1997.0;-0.01450895
1998.0;0.035725027
1999.0;0.03918571
2000.0;0.057324875
2001.0;0.025745371
2002.0;0.047016036
2003.0;0.02794972
2004.0;0.033956856
2005.0;0.04928603
2006.0;0.028676502
2007.0;0.018245297
2008.0;0.06509029
2009.0;0.074112445
2010.0;0.061775737
2011.0;0.041796915
2012.0;0.0793468
2013.0;0.09152977
2014.0;0.07038911
2015.0;0.09300842
2016.0;0.14125098
2017.0;0.12875842
2018.0;0.11302849
2019.0;0.14312707
2020.0;0.16023342
