2020.0;0.1957443;0.163994;0.2273688
2021.0;0.2081686;0.17332529;0.24334562
2022.0;0.22059289;0.18265656;0.25932243
2023.0;0.23301716;0.19198783;0.27529925
2024.0;0.24544147;0.20131913;0.29127607
2025.0;0.25786576;0.21065038;0.30725285
2026.0;0.27029005;0.21998166;0.3232297
2027.0;0.28271434;0.22931293;0.33920655
2028.0;0.2951386;0.23864421;0.35518333
2029.0;0.3075629;0.24797548;0.37116012
2030.0;0.31998718;0.25730675;0.38713697
2031.0;0.3342014;0.26869002;0.4061544
2032.0;0.34841555;0.28007334;0.42517185
2033.0;0.36262977;0.29145664;0.44418928
2034.0;0.37684393;0.3028399;0.46320674
2035.0;0.39105815;0.3142232;0.48222417
2036.0;0.40527233;0.3256065;0.50124156
2037.0;0.41948652;0.33698982;0.520259
2038.0;0.4337007;0.34837306;0.5392765
2039.0;0.4479149;0.35975635;0.5582939
2040.0;0.4621291;0.37113965;0.57731134
2041.0;0.4790619;0.3853947;0.59857625
2042.0;0.49599475;0.39964974;0.6198411
2043.0;0.51292753;0.41390482;0.64110595
2044.0;0.52986044;0.42815986;0.6623709
2045.0;0.5467932;0.4424149;0.6836358
2046.0;0.56372607;0.45667;0.7049006
2047.0;0.58065885;0.47092503;0.72616553
2048.0;0.5975917;0.48518008;0.7474305
2049.0;0.61452454;0.49943516;0.7686953
2050.0;0.6314573;0.5136902;0.7899602
2051.0;0.652201;0.53057325;0.8142082
2052.0;0.67294466;0.5474563;0.83845615
2053.0;0.6936883;0.5643393;0.8627041
2054.0;0.71443194;0.58122236;0.88695216
2055.0;0.73517555;0.5981054;0.91120005
2056.0;0.7559192;0.6149884;0.93544805
2057.0;0.7766628;0.63187146;0.95969605
2058.0;0.7974065;0.64875454;0.983944
2059.0;0.81815016;0.6656375;1.008192
2060.0;0.8388938;0.68252057;1.03244
2061.0;0.8647907;0.7022622;1.0610193
2062.0;0.89068764;0.7220038;1.0895987
2063.0;0.9165845;0.7417455;1.1181781
2064.0;0.9424814;0.7614871;1.1467575
2065.0;0.96837825;0.7812288;1.1753368
2066.0;0.99427515;0.8009703;1.2039163
2067.0;1.020172;0.820712;1.2324955
2068.0;1.0460689;0.8404536;1.2610749
2069.0;1.0719657;0.8601953;1.2896543
2070.0;1.0978627;0.8799369;1.3182336
2071.0;1.1267623;0.90292466;1.3494538
2072.0;1.1556621;0.92591256;1.3806741
2073.0;1.1845618;0.9489003;1.4118943
2074.0;1.2134616;0.9718882;1.4431146
2075.0;1.2423613;0.9948759;1.4743347
2076.0;1.2712611;1.0178638;1.5055549
2077.0;1.3001609;1.0408516;1.5367752
2078.0;1.3290606;1.0638393;1.5679954
2079.0;1.3579602;1.0868272;1.5992157
2080.0;1.38686;1.1098149;1.630436
2081.0;1.4180263;1.1352054;1.6618565
2082.0;1.449193;1.1605959;1.6932772
2083.0;1.4803596;1.1859863;1.724698
2084.0;1.5115259;1.2113768;1.7561187
2085.0;1.5426924;1.2367673;1.7875392
2086.0;1.5738589;1.2621577;1.8189598
2087.0;1.6050253;1.2875482;1.8503807
2088.0;1.6361917;1.3129387;1.8818011
2089.0;1.6673583;1.3383292;1.9132218
2090.0;1.6985248;1.3637196;1.9446424
2091.0;1.7318509;1.3898318;1.9775771
2092.0;1.765177;1.415944;2.0105119
2093.0;1.7985032;1.4420562;2.0434465
2094.0;1.8318293;1.4681685;2.0763814
2095.0;1.8651553;1.4942806;2.1093159
2096.0;1.8984815;1.5203927;2.1422508
2097.0;1.9318078;1.5465049;2.1751852
2098.0;1.9651338;1.572617;2.20812
2099.0;1.9984599;1.5987293;2.2410548
2100.0;2.031786;1.6248415;2.2739894
2101.0;2.063701;1.6503206;2.313701
2102.0;2.0956156;1.6757998;2.3534124
2103.0;2.1275306;1.701279;2.3931239
2104.0;2.1594453;1.7267582;2.4328353
2105.0;2.19136;1.7522373;2.4725466
2106.0;2.223275;1.7777165;2.512258
2107.0;2.25519;1.8031958;2.5519695
2108.0;2.2871046;1.8286749;2.591681
2109.0;2.3190196;1.8541541;2.6313922
2110.0;2.3509343;1.8796333;2.6711037
2111.0;2.3786268;1.9021727;2.7169688
2112.0;2.4063194;1.9247123;2.7628336
2113.0;2.4340117;1.9472517;2.8086982
2114.0;2.461704;1.9697913;2.8545632
2115.0;2.4893966;1.9923306;2.900428
2116.0;2.5170891;2.01487;2.9462929
2117.0;2.5447814;2.0374093;2.9921577
2118.0;2.5724738;2.059949;3.0380225
2119.0;2.6001666;2.0824883;3.083887
2120.0;2.6278589;2.105028;3.1297522
2121.0;2.6533601;2.1264021;3.1755762
2122.0;2.6788614;2.1477764;3.2214005
2123.0;2.7043629;2.1691504;3.2672243
2124.0;2.7298644;2.1905248;3.3130488
2125.0;2.7553651;2.211899;3.3588727
2126.0;2.7808664;2.2332735;3.4046967
2127.0;2.8063679;2.2546475;3.450521
2128.0;2.8318691;2.2760217;3.496345
2129.0;2.8573704;2.297396;3.542169
2130.0;2.8828716;2.3187702;3.5879931
2131.0;2.9071846;2.3371146;3.6348028
2132.0;2.9314976;2.355459;3.681612
2133.0;2.9558103;2.3738034;3.7284214
2134.0;2.9801233;2.392148;3.775231
2135.0;3.004436;2.4104922;3.8220406
2136.0;3.028749;2.4288363;3.8688495
2137.0;3.053062;2.447181;3.9156592
2138.0;3.0773747;2.4655254;3.9624689
2139.0;3.101688;2.4838696;4.0092783
2140.0;3.1260006;2.5022142;4.0560875
2141.0;3.1486478;2.517756;4.099259
2142.0;3.1712947;2.533298;4.142431
2143.0;3.1939416;2.5488398;4.185602
2144.0;3.2165887;2.5643818;4.2287736
2145.0;3.2392356;2.5799239;4.2719455
2146.0;3.2618825;2.595466;4.315117
2147.0;3.2845294;2.611008;4.3582883
2148.0;3.3071766;2.6265497;4.4014597
2149.0;3.3298235;2.6420915;4.4446316
2150.0;3.3524704;2.6576335;4.4878025
