2020.0;0.19630237;0.17035437;0.22874665
2021.0;0.20908505;0.18011922;0.24558626
2022.0;0.22186777;0.18988408;0.26242584
2023.0;0.23465046;0.19964893;0.27926543
2024.0;0.24743317;0.20941378;0.29610503
2025.0;0.26021588;0.21917865;0.31294462
2026.0;0.27299857;0.22894351;0.3297842
2027.0;0.28578126;0.23870836;0.34662378
2028.0;0.29856396;0.24847323;0.3634634
2029.0;0.31134668;0.25823808;0.38030297
2030.0;0.32412937;0.26800293;0.3971426
2031.0;0.34050876;0.280713;0.41854605
2032.0;0.35688815;0.29342306;0.43994954
2033.0;0.37326753;0.30613312;0.461353
2034.0;0.38964692;0.3188432;0.4827565
2035.0;0.4060263;0.33155325;0.50416
2036.0;0.42240566;0.34426332;0.5255635
2037.0;0.43878505;0.35697338;0.5469669
2038.0;0.45516446;0.36968344;0.5683704
2039.0;0.47154382;0.38239348;0.58977395
2040.0;0.4879232;0.39510357;0.6111774
2041.0;0.50861204;0.4115537;0.6371029
2042.0;0.5293009;0.4280039;0.6630284
2043.0;0.5499897;0.4444541;0.688954
2044.0;0.5706785;0.46090424;0.7148795
2045.0;0.5913673;0.4773544;0.740805
2046.0;0.61205614;0.49380457;0.76673055
2047.0;0.6327449;0.51025474;0.792656
2048.0;0.6534338;0.5267049;0.8185816
2049.0;0.67412263;0.543155;0.8445071
2050.0;0.6948114;0.55960524;0.8704326
2051.0;0.72238475;0.58214355;0.90121055
2052.0;0.74995816;0.604682;0.93198866
2053.0;0.7775315;0.6272204;0.9627665
2054.0;0.80510485;0.6497588;0.9935446
2055.0;0.8326782;0.6722971;1.0243225
2056.0;0.8602516;0.6948355;1.0551006
2057.0;0.88782495;0.7173739;1.0858784
2058.0;0.9153983;0.7399122;1.1166565
2059.0;0.9429717;0.76245064;1.1474345
2060.0;0.97054505;0.784989;1.1782124
2061.0;1.0048081;0.81225604;1.2140174
2062.0;1.0390711;0.8395231;1.2498224
2063.0;1.0733341;0.86679006;1.2856275
2064.0;1.107597;0.89405715;1.3214324
2065.0;1.1418601;0.9213241;1.3572373
2066.0;1.176123;0.94859105;1.3930423
2067.0;1.210386;0.9758581;1.4288474
2068.0;1.244649;1.0031252;1.4646523
2069.0;1.2789121;1.0303922;1.5004574
2070.0;1.3131751;1.0576591;1.5362623
2071.0;1.3532404;1.0916116;1.5759743
2072.0;1.3933057;1.125564;1.6156865
2073.0;1.433371;1.1595163;1.6553986
2074.0;1.4734362;1.1934688;1.6951106
2075.0;1.5135016;1.2274212;1.7348225
2076.0;1.5535669;1.2613735;1.7745347
2077.0;1.5936322;1.2953259;1.8142465
2078.0;1.6336975;1.3292783;1.8539587
2079.0;1.6737628;1.3632307;1.8936707
2080.0;1.7138281;1.3971831;1.9333829
2081.0;1.7561607;1.4399583;1.9760181
2082.0;1.7984935;1.4827337;2.0186536
2083.0;1.8408262;1.525509;2.0612888
2084.0;1.8831589;1.5682844;2.1039243
2085.0;1.9254916;1.6110598;2.1465595
2086.0;1.9678242;1.6538352;2.189195
2087.0;2.0101569;1.6966103;2.2318301
2088.0;2.0524895;1.7393857;2.2744656
2089.0;2.0948222;1.7821611;2.3171008
2090.0;2.137155;1.8249364;2.359736
2091.0;2.1810143;1.8702334;2.4069219
2092.0;2.224874;1.9155304;2.454108
2093.0;2.2687335;1.9608274;2.5012937
2094.0;2.3125927;2.0061245;2.5484796
2095.0;2.3564522;2.0514214;2.5956655
2096.0;2.4003117;2.0967183;2.6428514
2097.0;2.4441712;2.1420157;2.690037
2098.0;2.4880304;2.1873126;2.7372231
2099.0;2.5318902;2.2326093;2.784409
2100.0;2.5757494;2.2779064;2.8315947
