2020.0;0.1929452;0.16159727;0.22566918
2021.0;0.20387514;0.17043765;0.2386299
2022.0;0.2148051;0.17927806;0.25159067
2023.0;0.22573505;0.18811846;0.26455143
2024.0;0.23666501;0.19695887;0.27751213
2025.0;0.24759494;0.20579925;0.2904729
2026.0;0.2585249;0.21463965;0.30343366
2027.0;0.26945484;0.22348005;0.31639442
2028.0;0.2803848;0.23232043;0.32935512
2029.0;0.29131472;0.24116084;0.34231588
2030.0;0.3022447;0.25000122;0.35527664
2031.0;0.31369877;0.259818;0.3683719
2032.0;0.3251529;0.26963475;0.3814672
2033.0;0.33660695;0.27945155;0.3945625
2034.0;0.34806105;0.2892683;0.40765777
2035.0;0.35951513;0.29908508;0.42075306
2036.0;0.37096924;0.30890185;0.43384832
2037.0;0.38242334;0.3187186;0.4469436
2038.0;0.39387745;0.32853538;0.46003887
2039.0;0.40533155;0.33835214;0.47313416
2040.0;0.41678563;0.3481689;0.48622942
2041.0;0.4278604;0.35748237;0.4992468
2042.0;0.43893525;0.36679578;0.5122642
2043.0;0.45001003;0.37610924;0.5252816
2044.0;0.46108484;0.38542268;0.53829896
2045.0;0.4721596;0.3947361;0.5513163
2046.0;0.48323444;0.40404958;0.56433374
2047.0;0.49430922;0.413363;0.5773511
2048.0;0.505384;0.42267644;0.5903685
2049.0;0.5164588;0.43198988;0.60338587
2050.0;0.52753365;0.4413033;0.6164033
2051.0;0.53867817;0.4513975;0.62880135
2052.0;0.54982275;0.46149176;0.64119935
2053.0;0.56096727;0.47158593;0.6535974
2054.0;0.57211185;0.48168018;0.6659955
2055.0;0.58325636;0.49177435;0.6783935
2056.0;0.5944009;0.5018686;0.69079155
2057.0;0.6055454;0.5119628;0.70318955
2058.0;0.61669;0.522057;0.7155877
2059.0;0.6278345;0.5321512;0.7279857
2060.0;0.6389791;0.54224545;0.74038374
2061.0;0.6504474;0.55247176;0.7533792
2062.0;0.6619159;0.5626981;0.7663748
2063.0;0.67338425;0.57292444;0.77937037
2064.0;0.6848527;0.5831508;0.79236585
2065.0;0.6963211;0.5933772;0.80536133
2066.0;0.70778954;0.60360354;0.81835693
2067.0;0.71925795;0.61382985;0.8313524
2068.0;0.7307263;0.6240562;0.8443479
2069.0;0.7421948;0.6342825;0.85734344
2070.0;0.7536631;0.6445089;0.870339
2071.0;0.76526636;0.654692;0.8836175
2072.0;0.77686965;0.66487527;0.89689606
2073.0;0.7884729;0.6750584;0.91017467
2074.0;0.8000761;0.6852416;0.9234533
2075.0;0.8116793;0.6954248;0.9367317
2076.0;0.8232826;0.70560795;0.95001024
2077.0;0.8348858;0.7157911;0.96328884
2078.0;0.846489;0.7259743;0.9765674
2079.0;0.8580923;0.7361575;0.98984593
2080.0;0.8696955;0.74634063;1.0031245
2081.0;0.8809686;0.7563768;1.0159672
2082.0;0.8922417;0.76641315;1.02881
2083.0;0.90351474;0.7764493;1.0416528
2084.0;0.9147878;0.7864857;1.0544956
2085.0;0.9260609;0.79652184;1.0673383
2086.0;0.937334;0.80655813;1.0801811
2087.0;0.948607;0.81659436;1.0930239
2088.0;0.9598801;0.8266306;1.1058667
2089.0;0.9711532;0.8366668;1.1187094
2090.0;0.9824263;0.84670305;1.1315522
2091.0;0.99390674;0.8563455;1.1453592
2092.0;1.0053873;0.86598796;1.1591662
2093.0;1.0168678;0.8756304;1.1729732
2094.0;1.0283484;0.8852728;1.1867802
2095.0;1.0398289;0.8949152;1.2005872
2096.0;1.0513093;0.9045577;1.2143942
2097.0;1.0627899;0.91420007;1.2282012
2098.0;1.0742704;0.92384255;1.2420082
2099.0;1.0857509;0.933485;1.255815
2100.0;1.0972314;0.9431274;1.2696221
2101.0;1.1094792;0.953559;1.2839607
2102.0;1.1217272;0.96399045;1.2982994
2103.0;1.133975;0.97442204;1.312638
2104.0;1.146223;0.9848536;1.3269768
2105.0;1.1584707;0.99528515;1.3413154
2106.0;1.1707186;1.0057167;1.355654
2107.0;1.1829664;1.0161483;1.3699929
2108.0;1.1952143;1.0265799;1.3843316
2109.0;1.2074621;1.0370115;1.3986702
2110.0;1.21971;1.047443;1.4130088
2111.0;1.2320682;1.0577319;1.4275199
2112.0;1.2444266;1.0680207;1.442031
2113.0;1.2567849;1.0783095;1.456542
2114.0;1.2691433;1.0885984;1.4710532
2115.0;1.2815015;1.0988872;1.4855642
2116.0;1.2938598;1.1091762;1.5000753
2117.0;1.3062183;1.119465;1.5145864
2118.0;1.3185767;1.129754;1.5290974
2119.0;1.3309349;1.1400428;1.5436085
2120.0;1.3432932;1.1503315;1.5581197
2121.0;1.3557967;1.1606246;1.5729282
2122.0;1.3683004;1.1709179;1.5877368
2123.0;1.3808038;1.181211;1.6025454
2124.0;1.3933073;1.1915041;1.617354
2125.0;1.405811;1.2017972;1.6321626
2126.0;1.4183145;1.2120904;1.6469712
2127.0;1.4308178;1.2223835;1.6617798
2128.0;1.4433216;1.2326766;1.6765884
2129.0;1.4558251;1.2429699;1.691397
2130.0;1.4683286;1.253263;1.7062056
2131.0;1.4808246;1.2635324;1.7214451
2132.0;1.4933207;1.2738017;1.7366846
2133.0;1.5058165;1.2840711;1.751924
2134.0;1.5183125;1.2943404;1.7671635
2135.0;1.5308084;1.3046098;1.7824031
2136.0;1.5433044;1.3148792;1.7976426
2137.0;1.5558003;1.3251485;1.8128821
2138.0;1.5682964;1.3354179;1.8281215
2139.0;1.5807923;1.3456872;1.8433611
2140.0;1.5932883;1.3559566;1.8586006
2141.0;1.6058741;1.3661602;1.874309
2142.0;1.6184598;1.3763639;1.8900176
2143.0;1.6310455;1.3865674;1.9057261
2144.0;1.6436312;1.3967712;1.9214345
2145.0;1.6562169;1.4069747;1.937143
2146.0;1.6688026;1.4171784;1.9528514
2147.0;1.6813884;1.4273821;1.96856
2148.0;1.6939741;1.4375857;1.9842683
2149.0;1.7065598;1.4477893;1.9999768
2150.0;1.7191455;1.4579929;2.0156853
