2020.0;0.18531367;0.15617166;0.21591446
2021.0;0.1953146;0.1639476;0.22835489
2022.0;0.20531555;0.17172356;0.24079533
2023.0;0.21531649;0.17949949;0.2532358
2024.0;0.22531742;0.18727545;0.2656762
2025.0;0.23531836;0.19505139;0.27811664
2026.0;0.24531928;0.20282733;0.29055706
2027.0;0.25532022;0.21060328;0.3029975
2028.0;0.26532117;0.21837923;0.31543797
2029.0;0.27532208;0.22615518;0.3278784
2030.0;0.28532302;0.23393112;0.34031883
2031.0;0.29550773;0.24270518;0.35201022
2032.0;0.30569243;0.25147924;0.3637017
2033.0;0.31587717;0.26025334;0.37539312
2034.0;0.3260619;0.26902738;0.38708454
2035.0;0.33624658;0.27780145;0.39877594
2036.0;0.34643131;0.2865755;0.41046742
2037.0;0.35661602;0.29534954;0.4221588
2038.0;0.36680076;0.30412364;0.43385023
2039.0;0.37698543;0.3128977;0.44554165
2040.0;0.38717017;0.32167175;0.4572331
2041.0;0.39701027;0.33001593;0.4687185
2042.0;0.40685037;0.33836007;0.48020393
2043.0;0.41669044;0.34670424;0.49168935
2044.0;0.42653057;0.35504842;0.5031748
2045.0;0.43637067;0.3633926;0.5146602
2046.0;0.44621074;0.37173676;0.52614564
2047.0;0.45605084;0.3800809;0.53763103
2048.0;0.46589094;0.38842508;0.54911643
2049.0;0.47573102;0.39676923;0.5606019
2050.0;0.48557115;0.4051134;0.5720873
2051.0;0.4948034;0.4132281;0.5827729
2052.0;0.5040357;0.42134276;0.5934585
2053.0;0.513268;0.42945746;0.6041441
2054.0;0.5225003;0.43757215;0.6148297
2055.0;0.5317326;0.44568682;0.62551534
2056.0;0.5409649;0.45380148;0.6362009
2057.0;0.5501971;0.46191618;0.6468865
2058.0;0.55942947;0.47003084;0.65757215
2059.0;0.56866175;0.47814554;0.6682578
2060.0;0.57789403;0.48626024;0.67894334
2061.0;0.58672154;0.49395266;0.6889234
2062.0;0.59554917;0.50164515;0.69890356
2063.0;0.60437673;0.50933766;0.7088835
2064.0;0.61320436;0.5170301;0.71886367
2065.0;0.62203187;0.5247226;0.7288437
2066.0;0.63085943;0.53241503;0.7388237
2067.0;0.639687;0.54010755;0.74880385
2068.0;0.6485145;0.5478;0.75878394
2069.0;0.6573421;0.55549246;0.7687639
2070.0;0.6661697;0.5631849;0.77874404
2071.0;0.6741151;0.56976074;0.7882327
2072.0;0.68206066;0.5763366;0.7977215
2073.0;0.69000614;0.5829125;0.8072102
2074.0;0.6979517;0.58948827;0.8166989
2075.0;0.70589715;0.5960641;0.8261876
2076.0;0.71384263;0.6026399;0.8356764
2077.0;0.72178817;0.60921574;0.8451651
2078.0;0.72973365;0.61579156;0.8546538
2079.0;0.7376791;0.6223674;0.8641425
2080.0;0.74562466;0.62894326;0.87363124
2081.0;0.7531319;0.63508624;0.8829066
2082.0;0.7606393;0.6412294;0.89218205
2083.0;0.76814663;0.64737236;0.90145755
2084.0;0.77565396;0.6535155;0.9107329
2085.0;0.7831612;0.6596585;0.9200083
2086.0;0.79066855;0.6658016;0.9292837
2087.0;0.79817575;0.67194456;0.93855906
2088.0;0.8056832;0.67808765;0.9478346
2089.0;0.8131904;0.6842307;0.95711
2090.0;0.8206977;0.6903738;0.96638536
2091.0;0.8293181;0.6976339;0.97673124
2092.0;0.8379386;0.7048942;0.9870773
2093.0;0.846559;0.7121543;0.9974231
2094.0;0.8551794;0.71941453;1.007769
2095.0;0.8637998;0.72667474;1.0181149
2096.0;0.8724202;0.73393494;1.028461
2097.0;0.88104063;0.74119514;1.0388068
2098.0;0.889661;0.74845535;1.0491527
2099.0;0.8982815;0.7557155;1.0594985
2100.0;0.90690184;0.7629757;1.0698445
