2020.0;0.19588564;0.16540854;0.2253161
2021.0;0.20718585;0.17460352;0.2389683
2022.0;0.2184861;0.1837985;0.25262052
2023.0;0.22978632;0.1929935;0.2662727
2024.0;0.24108653;0.20218848;0.27992493
2025.0;0.25238675;0.21138346;0.2935771
2026.0;0.26368698;0.22057846;0.3072293
2027.0;0.2749872;0.22977343;0.32088155
2028.0;0.28628743;0.23896843;0.33453375
2029.0;0.2975876;0.24816342;0.34818596
2030.0;0.30888784;0.2573584;0.36183813
2031.0;0.32123348;0.26768646;0.3767527
2032.0;0.33357912;0.27801457;0.3916673
2033.0;0.34592476;0.28834265;0.40658188
2034.0;0.3582704;0.2986707;0.42149645
2035.0;0.37061602;0.3089988;0.43641102
2036.0;0.38296166;0.31932688;0.45132563
2037.0;0.3953073;0.32965496;0.4662402
2038.0;0.40765294;0.33998305;0.48115474
2039.0;0.4199986;0.3503111;0.49606934
2040.0;0.43234423;0.36063918;0.51098394
2041.0;0.44561252;0.3718622;0.5267496
2042.0;0.45888087;0.38308528;0.5425154
2043.0;0.47214913;0.3943083;0.5582811
2044.0;0.48541746;0.40553135;0.5740468
2045.0;0.49868572;0.41675434;0.5898125
2046.0;0.51195407;0.42797735;0.60557824
2047.0;0.5252223;0.4392004;0.6213439
2048.0;0.5384906;0.45042345;0.6371097
2049.0;0.5517589;0.4616465;0.65287536
2050.0;0.56502724;0.47286952;0.6686411
2051.0;0.5794628;0.48539975;0.6856236
2052.0;0.5938985;0.49793005;0.70260614
2053.0;0.6083341;0.51046026;0.71958864
2054.0;0.6227698;0.5229905;0.7365712
2055.0;0.6372053;0.5355208;0.7535536
2056.0;0.65164095;0.54805106;0.7705361
2057.0;0.66607654;0.5605814;0.7875187
2058.0;0.6805122;0.5731116;0.8045012
2059.0;0.69494784;0.5856419;0.82148373
2060.0;0.7093834;0.5981721;0.83846617
2061.0;0.7261586;0.6122888;0.8578311
2062.0;0.742934;0.6264054;0.87719613
2063.0;0.7597092;0.64052206;0.896561
2064.0;0.7764844;0.65463865;0.91592604
2065.0;0.7932596;0.6687553;0.93529093
2066.0;0.81003493;0.68287194;0.9546559
2067.0;0.8268102;0.6969886;0.9740209
2068.0;0.8435853;0.7111052;0.9933858
2069.0;0.8603606;0.7252219;1.0127507
2070.0;0.8771359;0.7393385;1.0321157
2071.0;0.89652056;0.7558785;1.053521
2072.0;0.91590536;0.7724185;1.0749265
2073.0;0.9352901;0.7889585;1.0963318
2074.0;0.95467484;0.8054985;1.1177373
2075.0;0.9740596;0.8220385;1.1391426
2076.0;0.9934443;0.83857846;1.1605479
2077.0;1.0128291;0.85511845;1.1819533
2078.0;1.0322137;0.8716584;1.2033587
2079.0;1.0515985;0.8881984;1.224764
2080.0;1.0709833;0.9047384;1.2461694
2081.0;1.0934602;0.92462873;1.2696266
2082.0;1.1159372;0.94451916;1.2930838
2083.0;1.1384141;0.96440953;1.3165408
2084.0;1.160891;0.9842999;1.339998
2085.0;1.1833682;1.0041902;1.363455
2086.0;1.2058451;1.0240805;1.3869122
2087.0;1.228322;1.043971;1.4103694
2088.0;1.2507991;1.0638614;1.4338266
2089.0;1.2732761;1.0837517;1.4572837
2090.0;1.295753;1.1036421;1.4807408
2091.0;1.3210057;1.1238045;1.5090842
2092.0;1.3462584;1.1439669;1.5374277
2093.0;1.371511;1.1641291;1.565771
2094.0;1.3967638;1.1842917;1.5941145
2095.0;1.4220164;1.204454;1.6224579
2096.0;1.4472691;1.2246163;1.6508013
2097.0;1.4725218;1.2447788;1.6791447
2098.0;1.4977745;1.2649412;1.7074882
2099.0;1.5230271;1.2851036;1.7358315
2100.0;1.5482798;1.3052659;1.7641749
