2020.0;0.045445386;-0.02299954;0.116560005
2021.0;0.049707413;-0.023242347;0.12511201
2022.0;0.053969443;-0.023485161;0.13366401
2023.0;0.05823147;-0.023727968;0.14221601
2024.0;0.0624935;-0.023970779;0.15076804
2025.0;0.066755526;-0.024213588;0.15932003
2026.0;0.071017556;-0.024456399;0.16787204
2027.0;0.07527958;-0.024699207;0.17642403
2028.0;0.07954161;-0.024942016;0.18497604
2029.0;0.08380363;-0.025184825;0.19352804
2030.0;0.08806567;-0.025427636;0.20208004
2031.0;0.09208012;-0.02616092;0.21107888
2032.0;0.0960946;-0.026894202;0.22007774
2033.0;0.10010907;-0.027627489;0.22907656
2034.0;0.10412353;-0.028360773;0.23807542
2035.0;0.108138;-0.029094057;0.24707426
2036.0;0.112152465;-0.029827343;0.25607312
2037.0;0.116166934;-0.030560626;0.26507196
2038.0;0.1201814;-0.03129391;0.2740708
2039.0;0.12419586;-0.032027196;0.28306964
2040.0;0.12821032;-0.03276048;0.29206848
2041.0;0.13211173;-0.032715444;0.29978004
2042.0;0.13601312;-0.03267041;0.30749157
2043.0;0.13991453;-0.032625373;0.31520313
2044.0;0.14381592;-0.03258034;0.32291466
2045.0;0.14771731;-0.0325353;0.3306262
2046.0;0.15161872;-0.032490265;0.33833775
2047.0;0.15552011;-0.03244523;0.34604925
2048.0;0.1594215;-0.03240019;0.35376084
2049.0;0.16332291;-0.03235516;0.36147234
2050.0;0.1672243;-0.032310124;0.3691839
2051.0;0.17079748;-0.03274259;0.3769278
2052.0;0.17437066;-0.03317505;0.38467172
2053.0;0.17794384;-0.033607516;0.39241558
2054.0;0.18151703;-0.03403998;0.40015948
2055.0;0.18509021;-0.034472443;0.40790337
2056.0;0.1886634;-0.03490491;0.4156473
2057.0;0.19223657;-0.035337374;0.42339116
2058.0;0.19580975;-0.035769835;0.43113506
2059.0;0.19938293;-0.0362023;0.43887898
2060.0;0.20295611;-0.036634766;0.4466229
2061.0;0.20589612;-0.038010314;0.45425457
2062.0;0.20883617;-0.039385866;0.4618863
2063.0;0.21177617;-0.04076142;0.46951798
2064.0;0.2147162;-0.04213697;0.4771497
2065.0;0.21765622;-0.04351252;0.48478138
2066.0;0.22059622;-0.044888068;0.49241307
2067.0;0.22353625;-0.04626362;0.50004476
2068.0;0.22647627;-0.047639176;0.5076765
2069.0;0.2294163;-0.049014725;0.5153081
2070.0;0.23235631;-0.050390273;0.5229398
2071.0;0.23456474;-0.052219793;0.5292803
2072.0;0.23677322;-0.05404931;0.53562087
2073.0;0.23898166;-0.05587882;0.5419614
2074.0;0.2411901;-0.057708345;0.5483019
2075.0;0.24339856;-0.059537858;0.5546424
2076.0;0.245607;-0.061367374;0.5609829
2077.0;0.24781545;-0.06319689;0.56732345
2078.0;0.2500239;-0.0650264;0.57366395
2079.0;0.25223234;-0.06685593;0.58000445
2080.0;0.25444078;-0.06868544;0.58634496
2081.0;0.2569714;-0.070179425;0.5934029
2082.0;0.259502;-0.07167342;0.6004608
2083.0;0.2620326;-0.07316741;0.60751873
2084.0;0.26456317;-0.074661404;0.61457664
2085.0;0.26709375;-0.076155394;0.6216346
2086.0;0.26962435;-0.077649385;0.6286925
2087.0;0.27215496;-0.079143375;0.6357504
2088.0;0.27468556;-0.08063736;0.6428084
2089.0;0.27721614;-0.082131356;0.6498663
2090.0;0.27974674;-0.08362535;0.6569242
2091.0;0.28270012;-0.08565081;0.6654758
2092.0;0.2856536;-0.08767628;0.67402744
2093.0;0.288607;-0.08970174;0.68257904
2094.0;0.29156044;-0.09172721;0.6911307
2095.0;0.29451385;-0.09375267;0.69968224
2096.0;0.2974673;-0.09577814;0.7082339
2097.0;0.3004207;-0.09780361;0.7167855
2098.0;0.30337414;-0.09982907;0.7253371
2099.0;0.30632758;-0.10185454;0.73388875
2100.0;0.309281;-0.10388;0.7424403
2101.0;0.31206095;-0.105529524;0.7500547
2102.0;0.3148409;-0.107179046;0.7576691
2103.0;0.31762084;-0.10882857;0.76528335
2104.0;0.3204008;-0.11047809;0.7728978
2105.0;0.32318076;-0.11212761;0.7805121
2106.0;0.3259607;-0.11377713;0.78812647
2107.0;0.32874066;-0.11542665;0.7957408
2108.0;0.3315206;-0.11707617;0.80335516
2109.0;0.33430055;-0.118725695;0.8109695
2110.0;0.3370805;-0.120375216;0.81858385
2111.0;0.33972558;-0.12209477;0.82615244
2112.0;0.3423707;-0.12381433;0.8337212
2113.0;0.34501576;-0.1255339;0.84128976
2114.0;0.3476609;-0.12725344;0.8488584
2115.0;0.35030597;-0.12897299;0.856427
2116.0;0.35295108;-0.13069256;0.8639957
2117.0;0.35559615;-0.1324121;0.8715642
2118.0;0.35824126;-0.13413167;0.8791329
2119.0;0.3608864;-0.13585123;0.88670146
2120.0;0.36353147;-0.13757078;0.8942701
2121.0;0.36603096;-0.13945156;0.90171456
2122.0;0.3685305;-0.14133237;0.90915906
2123.0;0.37103003;-0.14321317;0.91660345
2124.0;0.37352955;-0.14509396;0.92404795
2125.0;0.37602904;-0.14697474;0.9314924
2126.0;0.3785286;-0.14885554;0.93893677
2127.0;0.38102812;-0.15073633;0.9463813
2128.0;0.38352764;-0.15261713;0.9538257
2129.0;0.38602713;-0.1544979;0.96127015
2130.0;0.38852668;-0.1563787;0.9687146
2131.0;0.39098814;-0.15824457;0.9761743
2132.0;0.39344963;-0.16011044;0.98363405
2133.0;0.39591113;-0.16197632;0.99109375
2134.0;0.39837262;-0.16384219;0.99855345
2135.0;0.4008341;-0.16570805;1.0060132
2136.0;0.4032956;-0.16757393;1.0134728
2137.0;0.40575707;-0.1694398;1.0209324
2138.0;0.40821856;-0.17130567;1.0283922
2139.0;0.41068006;-0.17317154;1.035852
2140.0;0.41314155;-0.1750374;1.0433116
2141.0;0.41559994;-0.17693707;1.0508955
2142.0;0.41805843;-0.17883675;1.0584795
2143.0;0.42051682;-0.18073641;1.0660633
2144.0;0.42297524;-0.18263608;1.0736473
2145.0;0.42543367;-0.18453574;1.081231
2146.0;0.4278921;-0.18643542;1.088815
2147.0;0.4303505;-0.18833508;1.0963988
2148.0;0.43280894;-0.19023475;1.1039827
2149.0;0.4352674;-0.19213441;1.1115665
2150.0;0.4377258;-0.19403408;1.1191504
