2020.0;0.05507275;-0.017876575;0.12669466
2021.0;0.059787635;-0.017982133;0.13603772
2022.0;0.064502515;-0.01808769;0.14538077
2023.0;0.069217406;-0.018193247;0.15472382
2024.0;0.0739323;-0.018298805;0.16406688
2025.0;0.07864718;-0.01840436;0.17340992
2026.0;0.08336206;-0.018509919;0.182753
2027.0;0.08807695;-0.018615477;0.19209604
2028.0;0.09279183;-0.018721033;0.20143908
2029.0;0.097506724;-0.01882659;0.21078214
2030.0;0.1022216;-0.018932149;0.2201252
2031.0;0.10737716;-0.018510468;0.22978468
2032.0;0.11253272;-0.018088788;0.2394442
2033.0;0.117688276;-0.017667105;0.2491037
2034.0;0.12284384;-0.017245425;0.2587632
2035.0;0.1279994;-0.016823744;0.2684227
2036.0;0.13315496;-0.016402062;0.2780822
2037.0;0.13831052;-0.015980382;0.2877417
2038.0;0.14346607;-0.015558701;0.2974012
2039.0;0.14862165;-0.0151370205;0.30706066
2040.0;0.1537772;-0.014715339;0.3167202
2041.0;0.15925589;-0.013574705;0.32633197
2042.0;0.16473456;-0.012434071;0.33594373
2043.0;0.17021325;-0.011293437;0.34555554
2044.0;0.17569196;-0.010152803;0.3551673
2045.0;0.18117063;-0.009012169;0.36477908
2046.0;0.18664932;-0.007871534;0.37439087
2047.0;0.192128;-0.0067309006;0.38400263
2048.0;0.19760668;-0.005590266;0.3936144
2049.0;0.20308538;-0.0044496325;0.4032262
2050.0;0.20856407;-0.0033089982;0.41283798
2051.0;0.21382628;-0.0023088646;0.42239755
2052.0;0.2190885;-0.0013087315;0.43195716
2053.0;0.22435072;-0.00030859828;0.44151676
2054.0;0.22961295;0.0006915349;0.45107636
2055.0;0.23487516;0.0016916681;0.46063593
2056.0;0.24013738;0.0026918016;0.47019556
2057.0;0.2453996;0.0036919343;0.47975513
2058.0;0.25066182;0.0046920683;0.48931473
2059.0;0.25592402;0.0056922007;0.4988743
2060.0;0.26118624;0.006692334;0.5084339
2061.0;0.2663504;0.0074696783;0.5181601
2062.0;0.27151456;0.008247023;0.5278864
2063.0;0.2766787;0.009024369;0.5376126
2064.0;0.28184286;0.009801713;0.54733884
2065.0;0.28700703;0.010579058;0.55706507
2066.0;0.29217115;0.011356401;0.5667913
2067.0;0.29733533;0.012133747;0.5765176
2068.0;0.30249944;0.012911091;0.5862438
2069.0;0.30766362;0.013688436;0.59597003
2070.0;0.31282777;0.01446578;0.60569626
2071.0;0.31846467;0.015845126;0.61567676
2072.0;0.3241016;0.01722447;0.62565726
2073.0;0.32973853;0.018603815;0.6356378
2074.0;0.33537543;0.019983158;0.64561826
2075.0;0.34101233;0.021362502;0.6555988
2076.0;0.34664926;0.02274185;0.6655793
2077.0;0.35228616;0.024121193;0.6755598
2078.0;0.3579231;0.025500538;0.68554026
2079.0;0.36356;0.026879882;0.6955208
2080.0;0.36919692;0.028259227;0.7055013
2081.0;0.37523735;0.029828446;0.71611106
2082.0;0.38127777;0.031397663;0.7267208
2083.0;0.38731816;0.032966882;0.73733056
2084.0;0.3933586;0.0345361;0.74794036
2085.0;0.39939898;0.036105316;0.7585501
2086.0;0.4054394;0.03767454;0.7691599
2087.0;0.41147983;0.039243754;0.7797696
2088.0;0.41752023;0.040812973;0.7903794
2089.0;0.42356065;0.042382192;0.80098915
2090.0;0.42960104;0.043951407;0.8115989
2091.0;0.435645;0.044747006;0.8229229
2092.0;0.441689;0.045542605;0.834247
2093.0;0.447733;0.046338204;0.84557104
2094.0;0.45377702;0.0471338;0.85689515
2095.0;0.459821;0.0479294;0.86821914
2096.0;0.46586493;0.048724998;0.8795431
2097.0;0.47190893;0.049520593;0.8908672
2098.0;0.4779529;0.050316192;0.9021913
2099.0;0.48399693;0.05111179;0.9135153
2100.0;0.4900409;0.051907387;0.9248394
2101.0;0.49606338;0.053470753;0.9355368
2102.0;0.50208586;0.055034116;0.94623435
2103.0;0.5081084;0.056597482;0.95693177
2104.0;0.51413083;0.058160845;0.96762925
2105.0;0.5201534;0.059724208;0.97832674
2106.0;0.5261759;0.061287574;0.9890242
2107.0;0.53219837;0.06285094;0.9997217
2108.0;0.5382209;0.0644143;1.0104191
2109.0;0.54424334;0.06597767;1.0211166
2110.0;0.55026585;0.06754103;1.0318141
2111.0;0.5562403;0.06896977;1.0426604
2112.0;0.56221485;0.07039852;1.0535067
2113.0;0.56818926;0.071827255;1.064353
2114.0;0.5741638;0.07325599;1.0751994
2115.0;0.58013827;0.07468474;1.0860456
2116.0;0.58611274;0.07611348;1.0968919
2117.0;0.59208715;0.07754222;1.1077383
2118.0;0.5980617;0.07897096;1.1185845
2119.0;0.60403615;0.0803997;1.1294308
2120.0;0.6100106;0.08182844;1.1402771
2121.0;0.61612654;0.08315878;1.151278
2122.0;0.6222425;0.08448914;1.1622791
2123.0;0.6283584;0.085819475;1.1732801
2124.0;0.6344743;0.08714983;1.1842812
2125.0;0.6405902;0.08848017;1.1952822
2126.0;0.6467061;0.089810506;1.2062832
2127.0;0.652822;0.09114085;1.2172842
2128.0;0.658938;0.0924712;1.2282853
2129.0;0.6650539;0.09380154;1.2392863
2130.0;0.6711698;0.09513189;1.2502873
2131.0;0.6772736;0.096656196;1.2618096
2132.0;0.6833774;0.09818051;1.2733319
2133.0;0.6894811;0.09970482;1.2848542
2134.0;0.69558495;0.10122913;1.2963765
2135.0;0.70168865;0.10275344;1.3078986
2136.0;0.7077924;0.10427775;1.319421
2137.0;0.71389616;0.10580207;1.3309432
2138.0;0.72;0.10732637;1.3424655
2139.0;0.7261038;0.10885069;1.3539879
2140.0;0.73220754;0.110374995;1.3655101
2141.0;0.7385071;0.11211735;1.3778111
2142.0;0.7448067;0.113859706;1.3901119
2143.0;0.7511062;0.11560205;1.4024129
2144.0;0.75740576;0.11734441;1.4147139
2145.0;0.7637053;0.119086765;1.4270148
2146.0;0.77000487;0.12082911;1.4393157
2147.0;0.7763044;0.12257145;1.4516166
2148.0;0.782604;0.12431382;1.4639176
2149.0;0.7889036;0.12605616;1.4762185
2150.0;0.79520315;0.12779853;1.4885194
