2020.0;0.06514044;-0.011885709;0.1346258
2021.0;0.07034241;-0.011551145;0.14452726
2022.0;0.07554438;-0.011216582;0.15442869
2023.0;0.08074635;-0.010882018;0.16433014
2024.0;0.08594832;-0.0105474545;0.17423159
2025.0;0.091150284;-0.010212892;0.18413302
2026.0;0.09635226;-0.009878328;0.19403446
2027.0;0.10155423;-0.009543765;0.20393589
2028.0;0.106756195;-0.009209201;0.21383734
2029.0;0.11195816;-0.008874638;0.22373879
2030.0;0.117160134;-0.008540074;0.23364022
2031.0;0.12339654;-0.007347983;0.24475963
2032.0;0.12963295;-0.006155892;0.25587904
2033.0;0.13586935;-0.0049638003;0.26699844
2034.0;0.14210577;-0.0037717095;0.27811787
2035.0;0.14834218;-0.002579618;0.28923723
2036.0;0.15457858;-0.0013875263;0.3003567
2037.0;0.16081499;-0.00019543552;0.31147608
2038.0;0.16705139;0.0009966559;0.32259545
2039.0;0.17328781;0.0021887466;0.3337149
2040.0;0.17952421;0.0033808383;0.3448343
2041.0;0.18725441;0.006128522;0.35739937
2042.0;0.1949846;0.008876205;0.36996448
2043.0;0.20271479;0.01162389;0.38252962
2044.0;0.21044499;0.014371573;0.3950947
2045.0;0.21817517;0.017119257;0.4076598
2046.0;0.22590536;0.019866941;0.42022485
2047.0;0.23363556;0.022614624;0.43278998
2048.0;0.24136578;0.025362309;0.44535506
2049.0;0.24909595;0.028109992;0.45792016
2050.0;0.25682613;0.030857675;0.47048527
2051.0;0.2656304;0.034765407;0.48422158
2052.0;0.27443466;0.03867314;0.49795792
2053.0;0.28323892;0.04258088;0.51169425
2054.0;0.29204318;0.04648861;0.52543056
2055.0;0.30084744;0.05039634;0.53916687
2056.0;0.3096517;0.05430408;0.5529032
2057.0;0.31845596;0.058211815;0.56663954
2058.0;0.32726023;0.062119544;0.58037585
2059.0;0.3360645;0.066027276;0.59411216
2060.0;0.34486875;0.06993502;0.6078485
2061.0;0.35534015;0.0748361;0.62342036
2062.0;0.36581156;0.079737194;0.63899225
2063.0;0.37628296;0.084638275;0.6545641
2064.0;0.38675436;0.089539364;0.670136
2065.0;0.39722577;0.09444045;0.6857078
2066.0;0.4076972;0.099341534;0.70127964
2067.0;0.41816857;0.10424263;0.7168516
2068.0;0.42863998;0.10914371;0.7324234
2069.0;0.43911138;0.1140448;0.74799526
2070.0;0.4495828;0.11894589;0.76356715
2071.0;0.4627951;0.12662117;0.7812301
2072.0;0.47600743;0.13429645;0.7988932
2073.0;0.48921978;0.14197172;0.8165563
2074.0;0.5024321;0.149647;0.8342192
2075.0;0.51564443;0.15732229;0.8518823
2076.0;0.52885675;0.16499756;0.8695453
2077.0;0.5420691;0.17267282;0.88720834
2078.0;0.5552814;0.18034811;0.90487134
2079.0;0.5684938;0.18802339;0.92253435
2080.0;0.58170605;0.19569866;0.9401974
2081.0;0.59825414;0.20717251;0.9607428
2082.0;0.6148022;0.21864639;0.98128825
2083.0;0.6313502;0.23012023;1.0018338
2084.0;0.6478983;0.24159409;1.0223792
2085.0;0.66444635;0.25306794;1.0429245
2086.0;0.6809944;0.2645418;1.06347
2087.0;0.6975425;0.27601564;1.0840154
2088.0;0.7140905;0.2874895;1.104561
2089.0;0.73063856;0.29896334;1.1251063
2090.0;0.74718666;0.3104372;1.1456517
2091.0;0.76658493;0.32261917;1.1709754
2092.0;0.7859834;0.3348012;1.1962993
2093.0;0.8053817;0.3469832;1.2216231
2094.0;0.8247801;0.3591652;1.2469468
2095.0;0.8441784;0.37134716;1.2722706
2096.0;0.86357677;0.3835292;1.2975943
2097.0;0.8829751;0.39571115;1.322918
2098.0;0.9023735;0.40789315;1.3482419
2099.0;0.92177176;0.42007515;1.3735657
2100.0;0.94117016;0.43225715;1.3988894
2101.0;0.9618838;0.44435462;1.4281236
2102.0;0.98259753;0.45645216;1.4573578
2103.0;1.0033112;0.46854964;1.4865919
2104.0;1.0240248;0.48064718;1.5158261
2105.0;1.0447385;0.49274465;1.5450602
2106.0;1.0654521;0.50484216;1.5742943
2107.0;1.0861658;0.5169397;1.6035286
2108.0;1.1068795;0.5290372;1.6327626
2109.0;1.1275932;0.54113466;1.6619968
2110.0;1.1483067;0.5532322;1.691231
2111.0;1.1692314;0.5646047;1.7264873
2112.0;1.190156;0.57597715;1.7617438
2113.0;1.2110807;0.58734965;1.7970003
2114.0;1.2320054;0.59872216;1.8322566
2115.0;1.2529299;0.61009467;1.8675131
2116.0;1.2738546;0.6214672;1.9027696
2117.0;1.2947792;0.6328397;1.9380258
2118.0;1.3157039;0.6442122;1.9732823
2119.0;1.3366284;0.65558463;2.0085387
2120.0;1.3575531;0.66695714;2.043795
2121.0;1.3786745;0.6781321;2.088532
2122.0;1.3997961;0.6893072;2.1332686
2123.0;1.4209177;0.7004822;2.1780055
2124.0;1.4420393;0.7116572;2.222742
2125.0;1.4631608;0.72283214;2.2674787
2126.0;1.4842823;0.7340071;2.3122156
2127.0;1.5054039;0.74518216;2.3569522
2128.0;1.5265254;0.7563572;2.401689
2129.0;1.547647;0.76753217;2.4464257
2130.0;1.5687684;0.77870715;2.4911623
2131.0;1.5904629;0.789194;2.5490413
2132.0;1.6121573;0.7996809;2.60692
2133.0;1.6338518;0.81016773;2.6647987
2134.0;1.6555463;0.8206545;2.7226777
2135.0;1.6772407;0.8311414;2.7805564
2136.0;1.698935;0.8416283;2.8384354
2137.0;1.7206297;0.8521151;2.896314
2138.0;1.742324;0.86260194;2.9541929
2139.0;1.7640184;0.8730888;3.0120716
2140.0;1.7857128;0.8835757;3.0699503
2141.0;1.8077488;0.8927004;3.1424844
2142.0;1.8297846;0.9018252;3.2150187
2143.0;1.8518206;0.91094995;3.2875528
2144.0;1.8738564;0.9200747;3.360087
2145.0;1.8958924;0.9291994;3.432621
2146.0;1.9179282;0.9383242;3.5051553
2147.0;1.9399639;0.94744885;3.5776892
2148.0;1.9619999;0.95657367;3.6502233
2149.0;1.9840357;0.96569836;3.7227573
2150.0;2.0060716;0.9748231;3.7952914
