2020.0;0.06626634;-0.0026861827;0.13935313
2021.0;0.07328087;-0.0011098344;0.15181726
2022.0;0.08029539;0.00046651362;0.16428143
2023.0;0.08730992;0.002042862;0.17674558
2024.0;0.09432445;0.0036192103;0.18920973
2025.0;0.10133897;0.005195558;0.20167388
2026.0;0.10835349;0.0067719067;0.21413803
2027.0;0.115368016;0.0083482545;0.22660217
2028.0;0.12238254;0.009924604;0.23906633
2029.0;0.12939706;0.01150095;0.25153047
2030.0;0.13641159;0.013077299;0.26399463
2031.0;0.1468005;0.017004326;0.28064224
2032.0;0.15718943;0.020931354;0.2972899
2033.0;0.16757835;0.024858382;0.31393754
2034.0;0.17796727;0.02878541;0.3305852
2035.0;0.18835619;0.032712437;0.3472328
2036.0;0.19874512;0.036639467;0.36388043
2037.0;0.20913401;0.04056649;0.38052806
2038.0;0.21952295;0.04449352;0.39717573
2039.0;0.22991185;0.048420545;0.41382334
2040.0;0.24030077;0.05234757;0.43047097
2041.0;0.25603852;0.061270468;0.4511896
2042.0;0.27177632;0.07019337;0.47190833
2043.0;0.28751403;0.07911627;0.49262697
2044.0;0.3032518;0.08803917;0.51334566
2045.0;0.31898955;0.096962065;0.5340643
2046.0;0.3347273;0.10588497;0.554783
2047.0;0.35046503;0.11480787;0.57550156
2048.0;0.3662028;0.123730764;0.59622025
2049.0;0.3819405;0.13265367;0.61693895
2050.0;0.3976783;0.14157657;0.6376576
2051.0;0.41818574;0.15683678;0.66331786
2052.0;0.43869323;0.17209698;0.68897814
2053.0;0.45920068;0.1873572;0.7146384
2054.0;0.4797082;0.20261742;0.7402987
2055.0;0.50021565;0.21787763;0.7659589
2056.0;0.5207231;0.23313785;0.7916191
2057.0;0.5412306;0.24839805;0.81727946
2058.0;0.561738;0.26365826;0.8429397
2059.0;0.58224547;0.27891845;0.86859995
2060.0;0.602753;0.2941787;0.8942602
2061.0;0.62850124;0.31257108;0.92608833
2062.0;0.6542495;0.33096346;0.9579164
2063.0;0.6799978;0.34935588;0.9897444
2064.0;0.7057461;0.36774826;1.0215725
2065.0;0.7314943;0.3861406;1.0534006
2066.0;0.7572426;0.40453303;1.0852287
2067.0;0.7829909;0.4229254;1.1170566
2068.0;0.8087391;0.4413178;1.1488848
2069.0;0.83448744;0.4597102;1.1807128
2070.0;0.86023563;0.4781026;1.2125409
2071.0;0.8921981;0.50130504;1.2495862
2072.0;0.9241604;0.5245075;1.2866317
2073.0;0.9561228;0.54770994;1.323677
2074.0;0.9880852;0.5709125;1.3607224
2075.0;1.0200474;0.59411484;1.3977678
2076.0;1.0520099;0.6173174;1.4348133
2077.0;1.0839723;0.6405198;1.4718586
2078.0;1.1159346;0.6637223;1.5089041
2079.0;1.147897;0.6869247;1.5459493
2080.0;1.1798594;0.7101272;1.5829947
2081.0;1.2143127;0.7380861;1.6226021
2082.0;1.248766;0.76604515;1.6622096
2083.0;1.2832193;0.79400414;1.7018169
2084.0;1.3176726;0.82196313;1.7414243
2085.0;1.352126;0.8499221;1.7810317
2086.0;1.3865794;0.8778811;1.8206391
2087.0;1.4210327;0.90584004;1.8602465
2088.0;1.4554858;0.9337991;1.899854
2089.0;1.4899392;0.961758;1.9394615
2090.0;1.5243926;0.989717;1.9790688
2091.0;1.5610604;1.0221305;2.0228229
2092.0;1.5977285;1.0545441;2.066577
2093.0;1.6343964;1.0869576;2.110331
2094.0;1.6710645;1.119371;2.1540852
2095.0;1.7077324;1.1517845;2.1978393
2096.0;1.7444004;1.1841981;2.2415934
2097.0;1.7810683;1.2166116;2.2853475
2098.0;1.8177364;1.2490251;2.3291016
2099.0;1.8544043;1.2814386;2.3728557
2100.0;1.8910723;1.3138522;2.4166098
2101.0;1.9281905;1.3408059;2.4624732
2102.0;1.9653088;1.3677598;2.508337
2103.0;2.002427;1.3947135;2.5542004
2104.0;2.0395453;1.4216672;2.600064
2105.0;2.0766635;1.448621;2.6459274
2106.0;2.1137817;1.4755749;2.691791
2107.0;2.1509001;1.5025285;2.7376544
2108.0;2.1880183;1.5294822;2.783518
2109.0;2.2251365;1.5564362;2.8293817
2110.0;2.262255;1.5833899;2.875245
2111.0;2.2977502;1.6076071;2.9253008
2112.0;2.3332458;1.6318245;2.9753568
2113.0;2.3687413;1.6560417;3.0254126
2114.0;2.4042368;1.680259;3.0754688
2115.0;2.4397323;1.7044764;3.1255245
2116.0;2.4752278;1.7286936;3.1755805
2117.0;2.510723;1.7529109;3.2256362
2118.0;2.5462186;1.7771282;3.2756925
2119.0;2.5817144;1.8013455;3.325748
2120.0;2.6172097;1.8255627;3.375804
2121.0;2.649441;1.8439132;3.4366806
2122.0;2.6816723;1.8622637;3.497558
2123.0;2.7139037;1.8806142;3.5584347
2124.0;2.746135;1.8989646;3.619312
2125.0;2.7783663;1.9173149;3.6801887
2126.0;2.8105977;1.9356655;3.7410657
2127.0;2.8428285;1.9540159;3.8019426
2128.0;2.87506;1.9723663;3.86282
2129.0;2.9072912;1.9907168;3.9236965
2130.0;2.9395227;2.0090673;3.9845736
2131.0;2.9683528;2.0238185;4.0525565
2132.0;2.9971833;2.03857;4.12054
2133.0;3.0260134;2.0533211;4.188523
2134.0;3.054844;2.0680726;4.256506
2135.0;3.083674;2.0828238;4.324489
2136.0;3.1125045;2.097575;4.3924727
2137.0;3.1413348;2.1123261;4.460455
2138.0;3.170165;2.1270773;4.5284386
2139.0;3.198995;2.1418288;4.5964217
2140.0;3.2278254;2.15658;4.664405
2141.0;3.2574985;2.1722882;4.7340946
2142.0;3.2871723;2.1879961;4.8037853
2143.0;3.3168457;2.203704;4.873475
2144.0;3.346519;2.219412;4.943165
2145.0;3.3761923;2.23512;5.0128555
2146.0;3.4058657;2.250828;5.0825453
2147.0;3.435539;2.2665362;5.1522355
2148.0;3.4652123;2.2822442;5.2219253
2149.0;3.4948857;2.2979522;5.291615
2150.0;3.524559;2.3136601;5.3613057
