2020.0;0.057879116;-0.0129121;0.13710286
2021.0;0.0638735;-0.011794421;0.14904825
2022.0;0.06986788;-0.010676744;0.16099365
2023.0;0.07586226;-0.009559065;0.17293906
2024.0;0.081856646;-0.008441387;0.18488446
2025.0;0.08785102;-0.007323709;0.19682984
2026.0;0.09384541;-0.006206031;0.20877524
2027.0;0.099839784;-0.0050883526;0.22072063
2028.0;0.10583417;-0.0039706742;0.23266605
2029.0;0.11182854;-0.0028529963;0.24461141
2030.0;0.11782293;-0.001735318;0.2565568
2031.0;0.12615465;0.0013233515;0.27102005
2032.0;0.13448638;0.004382021;0.28548327
2033.0;0.1428181;0.00744069;0.2999465
2034.0;0.15114981;0.010499359;0.3144097
2035.0;0.15948154;0.013558029;0.32887292
2036.0;0.16781326;0.016616696;0.34333614
2037.0;0.17614497;0.019675367;0.35779935
2038.0;0.1844767;0.022734037;0.37226257
2039.0;0.19280842;0.025792705;0.3867258
2040.0;0.20114014;0.028851375;0.401189
2041.0;0.21243964;0.035118315;0.4187804
2042.0;0.22373913;0.041385263;0.4363718
2043.0;0.23503864;0.0476522;0.4539632
2044.0;0.24633813;0.053919144;0.47155458
2045.0;0.25763762;0.06018608;0.48914593
2046.0;0.26893714;0.066453025;0.50673735
2047.0;0.28023663;0.07271996;0.5243287
2048.0;0.29153612;0.078986906;0.5419202
2049.0;0.30283564;0.08525384;0.5595115
2050.0;0.31413513;0.091520794;0.5771029
2051.0;0.32814294;0.100950465;0.59744304
2052.0;0.34215075;0.11038014;0.61778325
2053.0;0.35615855;0.119809814;0.6381234
2054.0;0.3701664;0.1292395;0.6584636
2055.0;0.3841742;0.13866916;0.6788038
2056.0;0.39818203;0.14809884;0.69914395
2057.0;0.41218984;0.1575285;0.7194841
2058.0;0.42619765;0.1669582;0.73982435
2059.0;0.44020548;0.17638786;0.7601645
2060.0;0.4542133;0.18581754;0.78050464
2061.0;0.47177324;0.19669853;0.80409235
2062.0;0.48933315;0.20757955;0.8276802
2063.0;0.5068931;0.21846054;0.8512678
2064.0;0.524453;0.22934155;0.8748556
2065.0;0.54201293;0.24022254;0.89844334
2066.0;0.5595729;0.25110355;0.9220311
2067.0;0.5771328;0.26198456;0.94561887
2068.0;0.59469277;0.27286556;0.9692066
2069.0;0.6122527;0.28374654;0.99279433
2070.0;0.6298126;0.29462758;1.0163821
2071.0;0.65063167;0.30905527;1.0428118
2072.0;0.6714507;0.323483;1.0692414
2073.0;0.69226974;0.3379107;1.0956712
2074.0;0.71308875;0.35233843;1.1221008
2075.0;0.73390776;0.36676618;1.1485305
2076.0;0.7547268;0.38119388;1.1749603
2077.0;0.77554584;0.3956216;1.2013898
2078.0;0.79636484;0.41004932;1.2278194
2079.0;0.8171839;0.42447704;1.2542491
2080.0;0.8380029;0.43890476;1.2806789
2081.0;0.861515;0.45562458;1.3081181
2082.0;0.88502717;0.47234437;1.3355576
2083.0;0.9085393;0.4890642;1.3629968
2084.0;0.9320514;0.505784;1.3904363
2085.0;0.9555635;0.5225038;1.4178755
2086.0;0.97907555;0.53922355;1.4453149
2087.0;1.0025877;0.55594337;1.4727541
2088.0;1.0260997;0.5726632;1.5001936
2089.0;1.0496119;0.589383;1.5276328
2090.0;1.073124;0.60610276;1.5550723
2091.0;1.0979038;0.62141126;1.5842555
2092.0;1.1226839;0.6367197;1.613439
2093.0;1.1474638;0.6520282;1.6426221
2094.0;1.1722436;0.66733664;1.6718055
2095.0;1.1970234;0.68264514;1.7009888
2096.0;1.2218033;0.69795364;1.7301722
2097.0;1.2465832;0.7132621;1.7593553
2098.0;1.271363;0.7285706;1.7885387
2099.0;1.2961429;0.743879;1.817722
2100.0;1.3209229;0.7591875;1.8469052
2101.0;1.3455243;0.77582276;1.8787161
2102.0;1.3701258;0.79245806;1.910527
2103.0;1.3947273;0.80909324;1.9423376
2104.0;1.4193288;0.8257286;1.9741485
2105.0;1.4439301;0.84236383;2.0059593
2106.0;1.4685316;0.8589991;2.03777
2107.0;1.4931331;0.8756344;2.069581
2108.0;1.5177346;0.8922697;2.1013918
2109.0;1.542336;0.9089049;2.1332026
2110.0;1.5669374;0.92554015;2.1650133
2111.0;1.58955;0.9396725;2.202861
2112.0;1.6121628;0.9538049;2.2407086
2113.0;1.6347754;0.96793735;2.278556
2114.0;1.657388;0.9820698;2.3164039
2115.0;1.6800005;0.9962022;2.3542511
2116.0;1.7026132;1.0103346;2.392099
2117.0;1.7252258;1.0244669;2.4299462
2118.0;1.7478384;1.0385994;2.467794
2119.0;1.770451;1.0527316;2.5056417
2120.0;1.7930636;1.0668641;2.543489
2121.0;1.8145049;1.0792549;2.5873318
2122.0;1.8359463;1.0916456;2.6311748
2123.0;1.8573875;1.1040363;2.6750176
2124.0;1.8788289;1.1164272;2.7188604
2125.0;1.9002701;1.1288179;2.7627032
2126.0;1.9217114;1.1412085;2.8065462
2127.0;1.9431528;1.1535994;2.8503892
2128.0;1.964594;1.16599;2.8942318
2129.0;1.9860353;1.1783807;2.9380744
2130.0;2.0074766;1.1907715;2.9819174
2131.0;2.0262487;1.201361;3.0282526
2132.0;2.0450208;1.2119504;3.0745883
2133.0;2.063793;1.2225398;3.1209238
2134.0;2.082565;1.2331294;3.1672592
2135.0;2.1013372;1.2437187;3.2135947
2136.0;2.120109;1.2543082;3.2599301
2137.0;2.1388814;1.2648977;3.3062654
2138.0;2.1576533;1.2754872;3.352601
2139.0;2.1764255;1.2860765;3.3989363
2140.0;2.1951976;1.296666;3.4452717
2141.0;2.2128358;1.3053811;3.4880779
2142.0;2.230474;1.3140962;3.5308843
2143.0;2.248112;1.3228111;3.5736904
2144.0;2.2657502;1.3315263;3.6164966
2145.0;2.2833884;1.3402412;3.6593027
2146.0;2.3010266;1.3489563;3.702109
2147.0;2.3186648;1.3576714;3.7449152
2148.0;2.336303;1.3663865;3.7877216
2149.0;2.3539412;1.3751014;3.8305278
2150.0;2.3715794;1.3838165;3.873334
