1994.0;-0.03525995
1995.0;-0.018034942
1996.0;-0.0011398239
1997.0;0.011039521
1998.0;0.02662215
1999.0;0.028288316
2000.0;0.0075707417
2001.0;0.008173708
2002.0;0.006959257
2003.0;0.004936081
2004.0;0.0030459098
2005.0;0.035210278
2006.0;0.026403412
2007.0;0.010682446
2008.0;0.029289
2009.0;0.048299134
2010.0;0.040748414
2011.0;0.06830564
2012.0;0.06828789
2013.0;0.051288556
2014.0;0.072719105
2015.0;0.057888504
2016.0;0.086871356
2017.0;0.076623425
2018.0;0.08569169
2019.0;0.1165489
2020.0;0.119614
