2020.0;0.14301914;0.11368803;0.17666528
2021.0;0.15290439;0.11987038;0.19081342
2022.0;0.16278963;0.12605272;0.20496158
2023.0;0.17267486;0.13223508;0.21910971
2024.0;0.18256012;0.13841742;0.23325787
2025.0;0.19244535;0.14459977;0.247406
2026.0;0.2023306;0.15078212;0.26155415
2027.0;0.21221586;0.15696447;0.2757023
2028.0;0.22210109;0.16314682;0.28985044
2029.0;0.23198633;0.16932917;0.3039986
2030.0;0.24187158;0.17551151;0.31814674
2031.0;0.25499052;0.18485431;0.3353993
2032.0;0.26810944;0.19419712;0.35265186
2033.0;0.2812284;0.20353992;0.36990446
2034.0;0.29434732;0.21288273;0.38715702
2035.0;0.30746624;0.22222552;0.4044096
2036.0;0.3205852;0.23156829;0.42166218
2037.0;0.3337041;0.24091111;0.43891475
2038.0;0.34682307;0.25025392;0.45616728
2039.0;0.359942;0.2595967;0.47341985
2040.0;0.3730609;0.26893952;0.4906724
2041.0;0.38924396;0.28247237;0.5110685
2042.0;0.405427;0.29600525;0.53146464
2043.0;0.4216101;0.30953813;0.55186075
2044.0;0.43779317;0.32307097;0.5722569
2045.0;0.45397615;0.33660382;0.592653
2046.0;0.47015923;0.3501367;0.6130491
2047.0;0.48634225;0.36366954;0.6334452
2048.0;0.5025253;0.37720242;0.6538413
2049.0;0.51870835;0.3907353;0.67423743
2050.0;0.5348914;0.40426815;0.69463354
2051.0;0.5570383;0.42213887;0.72022355
2052.0;0.57918525;0.44000953;0.7458136
2053.0;0.6013321;0.45788023;0.7714036
2054.0;0.6234791;0.47575092;0.7969937
2055.0;0.64562595;0.4936216;0.8225837
2056.0;0.6677729;0.5114923;0.8481737
2057.0;0.6899198;0.529363;0.87376374
2058.0;0.7120667;0.54723364;0.89935374
2059.0;0.73421365;0.5651043;0.9249438
2060.0;0.75636053;0.58297503;0.9505338
2061.0;0.7846287;0.60548306;0.9825332
2062.0;0.81289685;0.6279911;1.0145327
2063.0;0.841165;0.6504991;1.0465322
2064.0;0.8694331;0.6730071;1.0785315
2065.0;0.89770114;0.6955151;1.110531
2066.0;0.92596936;0.71802306;1.1425304
2067.0;0.9542374;0.7405311;1.1745298
2068.0;0.9825056;0.76303905;1.2065293
2069.0;1.0107737;0.78554714;1.2385286
2070.0;1.0390419;0.8080551;1.2705281
2071.0;1.071686;0.8322946;1.307854
2072.0;1.1043302;0.8565341;1.34518
2073.0;1.1369743;0.88077354;1.3825061
2074.0;1.1696185;0.90501314;1.419832
2075.0;1.2022626;0.92925256;1.457158
2076.0;1.2349069;0.95349205;1.4944841
2077.0;1.2675511;0.97773165;1.53181
2078.0;1.3001951;1.0019711;1.569136
2079.0;1.3328393;1.0262105;1.606462
2080.0;1.3654834;1.0504501;1.643788
2081.0;1.4010254;1.0788462;1.6848159
2082.0;1.4365673;1.1072425;1.725844
2083.0;1.4721091;1.1356386;1.766872
2084.0;1.5076511;1.1640347;1.8079
2085.0;1.5431931;1.1924309;1.848928
2086.0;1.5787349;1.220827;1.8899559
2087.0;1.6142769;1.2492231;1.9309839
2088.0;1.6498189;1.2776192;1.9720118
2089.0;1.6853607;1.3060155;2.0130398
2090.0;1.7209027;1.3344116;2.0540679
2091.0;1.7579759;1.366018;2.0954208
2092.0;1.7950494;1.3976245;2.136774
2093.0;1.8321228;1.4292309;2.1781275
2094.0;1.869196;1.4608375;2.2194805
2095.0;1.9062696;1.4924438;2.2608335
2096.0;1.9433428;1.5240502;2.3021865
2097.0;1.9804163;1.5556569;2.3435397
2098.0;2.0174894;1.5872633;2.384893
2099.0;2.0545628;1.6188698;2.426246
2100.0;2.0916362;1.6504762;2.4675992
2101.0;2.132067;1.6784381;2.5138762
2102.0;2.1724975;1.7064;2.5601535
2103.0;2.2129283;1.7343619;2.6064308
2104.0;2.253359;1.7623239;2.652708
2105.0;2.2937896;1.7902856;2.6989849
2106.0;2.3342202;1.8182476;2.745262
2107.0;2.3746512;1.8462095;2.791539
2108.0;2.4150817;1.8741714;2.8378165
2109.0;2.4555123;1.9021333;2.8840935
2110.0;2.495943;1.9300952;2.9303706
2111.0;2.5312622;1.955002;2.9811594
2112.0;2.5665815;1.9799088;3.0319488
2113.0;2.6019008;2.0048156;3.0827372
2114.0;2.6372201;2.0297225;3.1335263
2115.0;2.672539;2.054629;3.1843154
2116.0;2.7078583;2.079536;3.2351046
2117.0;2.7431777;2.1044428;3.2858934
2118.0;2.778497;2.1293495;3.336682
2119.0;2.813816;2.1542563;3.3874712
2120.0;2.8491352;2.179163;3.4382603
2121.0;2.882704;2.1992044;3.5048227
2122.0;2.916273;2.219246;3.5713859
2123.0;2.9498417;2.2392874;3.6379485
2124.0;2.9834106;2.2593286;3.7045112
2125.0;3.0169795;2.27937;3.7710738
2126.0;3.0505483;2.2994113;3.8376367
2127.0;3.0841172;2.3194528;3.9041991
2128.0;3.117686;2.3394942;3.970762
2129.0;3.151255;2.3595355;4.0373244
2130.0;3.1848238;2.379577;4.103887
2131.0;3.2116346;2.3961465;4.1723566
2132.0;3.2384453;2.412716;4.240826
2133.0;3.265256;2.4292855;4.309296
2134.0;3.2920668;2.445855;4.3777657
2135.0;3.3188775;2.4624245;4.4462347
2136.0;3.3456883;2.4789941;4.5147047
2137.0;3.372499;2.4955637;4.5831738
2138.0;3.3993096;2.5121331;4.6516438
2139.0;3.4261203;2.5287027;4.720113
2140.0;3.4529312;2.545272;4.7885823
2141.0;3.4778855;2.5619588;4.8610554
2142.0;3.50284;2.5786455;4.9335284
2143.0;3.5277944;2.5953321;5.0060015
2144.0;3.552749;2.6120186;5.0784745
2145.0;3.5777037;2.6287053;5.150947
2146.0;3.602658;2.645392;5.22342
2147.0;3.6276126;2.6620786;5.295893
2148.0;3.652567;2.678765;5.368366
2149.0;3.6775215;2.695452;5.440839
2150.0;3.7024758;2.7121384;5.5133114
