2020.0;0.14102402;0.10508309;0.17948288
2021.0;0.14926171;0.11079789;0.1903017
2022.0;0.15749942;0.11651269;0.2011205
2023.0;0.16573714;0.12222749;0.21193932
2024.0;0.17397484;0.1279423;0.22275813
2025.0;0.18221255;0.13365708;0.23357694
2026.0;0.19045025;0.13937189;0.24439575
2027.0;0.19868794;0.14508669;0.25521454
2028.0;0.20692566;0.15080148;0.26603335
2029.0;0.21516335;0.15651628;0.27685216
2030.0;0.22340105;0.16223107;0.287671
2031.0;0.23216766;0.16922888;0.29834318
2032.0;0.2409343;0.17622672;0.3090154
2033.0;0.24970092;0.18322451;0.31968758
2034.0;0.25846753;0.19022235;0.33035976
2035.0;0.26723412;0.19722015;0.34103194
2036.0;0.27600077;0.20421797;0.35170415
2037.0;0.2847674;0.2112158;0.36237633
2038.0;0.293534;0.21821359;0.3730485
2039.0;0.30230063;0.22521141;0.3837207
2040.0;0.31106722;0.23220924;0.3943929
2041.0;0.3197732;0.2396658;0.40445146
2042.0;0.3284791;0.24712239;0.41451
2043.0;0.33718506;0.25457898;0.42456853
2044.0;0.34589103;0.26203555;0.43462712
2045.0;0.35459694;0.26949212;0.44468564
2046.0;0.36330292;0.2769487;0.4547442
2047.0;0.37200886;0.28440526;0.46480274
2048.0;0.38071477;0.2918619;0.47486126
2049.0;0.38942072;0.29931843;0.48491982
2050.0;0.3981267;0.30677503;0.49497837
2051.0;0.40670732;0.31449124;0.504473
2052.0;0.41528797;0.32220748;0.5139675
2053.0;0.4238686;0.32992372;0.5234622
2054.0;0.43244922;0.33763996;0.5329568
2055.0;0.44102985;0.34535617;0.5424514
2056.0;0.44961047;0.35307238;0.5519459
2057.0;0.45819113;0.3607886;0.5614405
2058.0;0.46677175;0.36850488;0.57093513
2059.0;0.47535238;0.3762211;0.58042973
2060.0;0.483933;0.38393733;0.58992434
2061.0;0.49230552;0.39125854;0.5996698
2062.0;0.50067806;0.39857984;0.60941523
2063.0;0.50905055;0.40590104;0.6191607
2064.0;0.5174231;0.41322228;0.62890613
2065.0;0.5257955;0.42054352;0.6386516
2066.0;0.534168;0.4278648;0.6483971
2067.0;0.5425406;0.43518597;0.6581425
2068.0;0.5509131;0.44250727;0.667888
2069.0;0.5592856;0.44982845;0.6776334
2070.0;0.56765807;0.4571497;0.6873789
2071.0;0.57547235;0.46413583;0.6965863
2072.0;0.5832866;0.471122;0.7057937
2073.0;0.5911008;0.47810817;0.7150011
2074.0;0.59891504;0.48509434;0.72420853
2075.0;0.6067293;0.49208045;0.7334159
2076.0;0.61454356;0.4990666;0.74262327
2077.0;0.6223578;0.50605273;0.75183076
2078.0;0.6301721;0.5130389;0.7610381
2079.0;0.63798624;0.520025;0.77024555
2080.0;0.64580053;0.52701116;0.7794529
2081.0;0.65363485;0.53367305;0.788949
2082.0;0.6614691;0.540335;0.79844517
2083.0;0.6693034;0.5469969;0.80794126
2084.0;0.6771377;0.5536589;0.81743735
2085.0;0.684972;0.56032073;0.82693344
2086.0;0.6928063;0.5669827;0.83642954
2087.0;0.70064056;0.5736445;0.84592575
2088.0;0.7084749;0.58030653;0.85542184
2089.0;0.71630913;0.58696836;0.864918
2090.0;0.72414345;0.5936303;0.8744141
2091.0;0.7315514;0.59875405;0.88507634
2092.0;0.7389594;0.6038778;0.89573866
2093.0;0.74636734;0.60900146;0.90640086
2094.0;0.75377524;0.61412525;0.9170632
2095.0;0.7611832;0.619249;0.92772543
2096.0;0.76859117;0.62437266;0.9383877
2097.0;0.77599907;0.6294964;0.94905
2098.0;0.78340703;0.6346202;0.95971227
2099.0;0.790815;0.6397439;0.9703745
2100.0;0.79822296;0.6448676;0.9810368
2101.0;0.80704755;0.65164757;0.991961
2102.0;0.8158722;0.65842754;1.0028852
2103.0;0.8246968;0.6652075;1.0138094
2104.0;0.8335214;0.6719875;1.0247337
2105.0;0.84234595;0.67876744;1.0356578
2106.0;0.85117054;0.68554735;1.0465819
2107.0;0.8599952;0.6923274;1.0575061
2108.0;0.86881983;0.6991073;1.0684303
2109.0;0.8776444;0.70588726;1.0793545
2110.0;0.886469;0.7126672;1.0902787
2111.0;0.8953662;0.7193395;1.1015759
2112.0;0.9042635;0.7260117;1.112873
2113.0;0.9131606;0.73268396;1.1241701
2114.0;0.92205787;0.7393562;1.1354672
2115.0;0.93095505;0.7460284;1.1467643
2116.0;0.9398523;0.7527006;1.1580614
2117.0;0.9487495;0.7593729;1.1693585
2118.0;0.9576467;0.7660451;1.1806556
2119.0;0.966544;0.77271736;1.1919526
2120.0;0.97544116;0.77938956;1.2032499
2121.0;0.98445505;0.7859842;1.214786
2122.0;0.99346906;0.79257876;1.2263223
2123.0;1.0024829;0.79917336;1.2378585
2124.0;1.0114968;0.80576795;1.2493948
2125.0;1.0205108;0.81236255;1.2609309
2126.0;1.0295247;0.81895715;1.272467
2127.0;1.0385386;0.8255517;1.2840033
2128.0;1.0475525;0.8321463;1.2955395
2129.0;1.0565664;0.8387408;1.3070759
2130.0;1.0655804;0.8453354;1.318612
2131.0;1.0744284;0.8517378;1.3303392
2132.0;1.0832767;0.85814023;1.3420664
2133.0;1.0921248;0.8645426;1.3537937
2134.0;1.1009731;0.8709451;1.365521
2135.0;1.1098213;0.8773474;1.3772483
2136.0;1.1186694;0.8837498;1.3889756
2137.0;1.1275177;0.89015216;1.4007028
2138.0;1.1363659;0.8965546;1.4124302
2139.0;1.1452141;0.9029569;1.4241574
2140.0;1.1540623;0.90935934;1.4358846
2141.0;1.1632845;0.9159858;1.4484717
2142.0;1.1725069;0.9226125;1.4610589
2143.0;1.1817292;0.92923903;1.4736458
2144.0;1.1909517;0.9358656;1.4862329
2145.0;1.200174;0.9424922;1.4988198
2146.0;1.2093962;0.9491188;1.5114069
2147.0;1.2186186;0.95574534;1.5239938
2148.0;1.2278409;0.96237195;1.5365809
2149.0;1.2370634;0.96899855;1.549168
2150.0;1.2462857;0.97562504;1.5617551
