2020.0;0.1435982;0.11025182;0.17765039
2021.0;0.15232095;0.11648328;0.189069
2022.0;0.16104369;0.122714736;0.20048763
2023.0;0.16976641;0.1289462;0.21190622
2024.0;0.17848916;0.13517764;0.22332487
2025.0;0.1872119;0.1414091;0.23474346
2026.0;0.19593464;0.14764057;0.24616206
2027.0;0.20465738;0.15387201;0.2575807
2028.0;0.21338011;0.16010347;0.2689993
2029.0;0.22210285;0.16633493;0.28041792
2030.0;0.23082559;0.17256637;0.29183653
2031.0;0.2406167;0.18062119;0.30395097
2032.0;0.25040781;0.18867598;0.3160654
2033.0;0.26019892;0.19673079;0.3281798
2034.0;0.26999003;0.2047856;0.34029427
2035.0;0.27978113;0.2128404;0.35240868
2036.0;0.2895722;0.2208952;0.36452314
2037.0;0.29936334;0.22895;0.37663758
2038.0;0.30915442;0.2370048;0.38875204
2039.0;0.31894556;0.2450596;0.40086645
2040.0;0.32873663;0.2531144;0.41298088
2041.0;0.3393139;0.26193583;0.4256783
2042.0;0.3498912;0.27075723;0.43837577
2043.0;0.36046845;0.27957863;0.4510731
2044.0;0.3710457;0.28840002;0.46377057
2045.0;0.381623;0.29722142;0.476468
2046.0;0.39220026;0.30604285;0.4891654
2047.0;0.40277752;0.31486425;0.50186276
2048.0;0.41335475;0.32368568;0.5145602
2049.0;0.42393208;0.33250707;0.5272577
2050.0;0.4345093;0.34132847;0.5399551
2051.0;0.4463477;0.3517412;0.5536262
2052.0;0.45818615;0.36215386;0.5672972
2053.0;0.4700246;0.37256658;0.58096826
2054.0;0.48186296;0.3829793;0.5946394
2055.0;0.49370143;0.39339197;0.6083104
2056.0;0.50553983;0.4038047;0.62198156
2057.0;0.5173782;0.4142174;0.6356526
2058.0;0.52921665;0.4246301;0.6493237
2059.0;0.5410551;0.4350428;0.66299474
2060.0;0.5528935;0.4454555;0.67666584
2061.0;0.56642807;0.4570567;0.69212997
2062.0;0.5799626;0.46865797;0.7075941
2063.0;0.59349716;0.48025915;0.7230582
2064.0;0.60703176;0.4918604;0.73852235
2065.0;0.62056625;0.5034616;0.7539865
2066.0;0.6341008;0.5150628;0.7694506
2067.0;0.64763534;0.526664;0.78491473
2068.0;0.6611699;0.5382653;0.8003789
2069.0;0.67470443;0.54986644;0.81584305
2070.0;0.688239;0.56146765;0.8313071
2071.0;0.70385015;0.57493764;0.8490414
2072.0;0.71946144;0.58840764;0.86677575
2073.0;0.73507255;0.60187757;0.88451
2074.0;0.75068384;0.6153477;0.9022444
2075.0;0.76629496;0.62881756;0.9199786
2076.0;0.7819062;0.64228755;0.9377129
2077.0;0.7975174;0.65575755;0.9554472
2078.0;0.8131286;0.66922754;0.97318155
2079.0;0.8287398;0.68269753;0.9909158
2080.0;0.844351;0.69616747;1.0086501
2081.0;0.8639006;0.7118676;1.0296369
2082.0;0.8834502;0.72756773;1.0506237
2083.0;0.90299976;0.74326783;1.0716105
2084.0;0.9225493;0.7589679;1.0925972
2085.0;0.94209886;0.77466804;1.113584
2086.0;0.96164846;0.79036814;1.1345708
2087.0;0.98119795;0.80606824;1.1555576
2088.0;1.0007476;0.8217683;1.1765444
2089.0;1.0202972;0.83746845;1.1975311
2090.0;1.0398467;0.8531686;1.2185179
2091.0;1.0613152;0.8676072;1.2434726
2092.0;1.0827837;0.8820458;1.2684273
2093.0;1.1042521;0.8964844;1.2933817
2094.0;1.1257206;0.91092294;1.3183364
2095.0;1.147189;0.9253616;1.343291
2096.0;1.1686574;0.93980014;1.3682456
2097.0;1.190126;0.9542388;1.3932002
2098.0;1.2115945;0.9686774;1.4181548
2099.0;1.233063;0.98311603;1.4431094
2100.0;1.2545314;0.9975546;1.468064
2101.0;1.2782634;1.0128137;1.5003111
2102.0;1.3019955;1.0280727;1.5325583
2103.0;1.3257275;1.0433317;1.5648054
2104.0;1.3494595;1.0585908;1.5970527
2105.0;1.3731914;1.0738498;1.6292998
2106.0;1.3969234;1.089109;1.6615468
2107.0;1.4206555;1.104368;1.693794
2108.0;1.4443876;1.1196271;1.7260413
2109.0;1.4681195;1.1348861;1.7582884
2110.0;1.4918516;1.1501452;1.7905356
2111.0;1.5138903;1.1646608;1.8326579
2112.0;1.5359291;1.1791764;1.8747807
2113.0;1.5579678;1.1936918;1.916903
2114.0;1.5800066;1.2082076;1.9590256
2115.0;1.6020452;1.2227231;2.0011482
2116.0;1.624084;1.2372388;2.0432708
2117.0;1.6461228;1.2517544;2.0853934
2118.0;1.6681614;1.2662702;2.1275156
2119.0;1.6902002;1.2807857;2.1696382
2120.0;1.7122389;1.2953013;2.2117608
2121.0;1.7323229;1.3089906;2.266611
2122.0;1.752407;1.32268;2.3214617
2123.0;1.772491;1.3363693;2.376312
2124.0;1.792575;1.3500586;2.4311626
2125.0;1.8126589;1.3637481;2.486013
2126.0;1.8327429;1.3774372;2.5408633
2127.0;1.852827;1.3911268;2.5957139
2128.0;1.8729109;1.4048159;2.6505642
2129.0;1.8929948;1.4185054;2.7054145
2130.0;1.9130789;1.4321947;2.760265
2131.0;1.9311036;1.4453447;2.8271782
2132.0;1.9491287;1.4584949;2.8940918
2133.0;1.9671535;1.4716449;2.961005
2134.0;1.9851787;1.4847951;3.0279183
2135.0;2.0032034;1.4979451;3.0948315
2136.0;2.0212286;1.5110952;3.1617448
2137.0;2.0392535;1.5242454;3.2286582
2138.0;2.0572784;1.5373954;3.2955713
2139.0;2.0753033;1.5505455;3.3624847
2140.0;2.0933282;1.5636955;3.429398
2141.0;2.111544;1.5760319;3.5091763
2142.0;2.1297603;1.5883684;3.5889547
2143.0;2.1479762;1.6007049;3.6687331
2144.0;2.1661923;1.6130414;3.7485118
2145.0;2.1844082;1.6253778;3.8282897
2146.0;2.202624;1.6377144;3.9080684
2147.0;2.2208402;1.6500506;3.9878466
2148.0;2.239056;1.6623873;4.067625
2149.0;2.2572722;1.6747236;4.1474032
2150.0;2.2754884;1.6870601;4.2271814
