1994.0;-0.0239352
1995.0;-0.019783752
1996.0;-0.025044773
1997.0;-0.0010501624
1998.0;0.018584313
1999.0;-0.0047921506
2000.0;-0.0044665374
2001.0;-0.012545702
2002.0;-0.0097940825
2003.0;0.00783705
2004.0;0.026392402
2005.0;0.011997334
2006.0;0.0070620193
2007.0;-0.00566947
2008.0;0.016737416
2009.0;0.0038470668
2010.0;0.040767763
2011.0;0.04398501
2012.0;0.02387867
2013.0;0.0033457193
2014.0;0.030403398
2015.0;0.0396362
2016.0;0.041666284
2017.0;0.04537411
2018.0;0.04248011
2019.0;0.05418287
2020.0;0.07239738
