2020.0;0.052472565;0.028821317;0.081685424
2021.0;0.057144456;0.031556983;0.088961564
2022.0;0.061816353;0.03429265;0.096237704
2023.0;0.06648824;0.037028316;0.10351383
2024.0;0.07116014;0.03976398;0.11078997
2025.0;0.07583203;0.042499647;0.1180661
2026.0;0.08050392;0.045235313;0.12534223
2027.0;0.08517581;0.047970977;0.13261837
2028.0;0.089847706;0.050706644;0.13989452
2029.0;0.0945196;0.05344231;0.14717063
2030.0;0.09919149;0.056177974;0.15444678
2031.0;0.10691891;0.060646545;0.16714996
2032.0;0.11464633;0.06511512;0.17985317
2033.0;0.12237376;0.06958369;0.19255635
2034.0;0.13010117;0.07405227;0.20525955
2035.0;0.1378286;0.078520834;0.21796274
2036.0;0.14555602;0.08298941;0.23066592
2037.0;0.15328343;0.087457985;0.24336912
2038.0;0.16101086;0.09192656;0.2560723
2039.0;0.16873828;0.09639513;0.26877552
2040.0;0.1764657;0.1008637;0.2814787
2041.0;0.19020888;0.10995156;0.3000641
2042.0;0.20395209;0.11903943;0.3186495
2043.0;0.21769528;0.12812729;0.33723488
2044.0;0.23143847;0.13721515;0.3558203
2045.0;0.24518165;0.14630301;0.3744057
2046.0;0.25892487;0.15539087;0.3929911
2047.0;0.27266803;0.16447873;0.41157648
2048.0;0.28641123;0.1735666;0.43016192
2049.0;0.30015442;0.18265446;0.4487473
2050.0;0.3138976;0.19174232;0.4673327
2051.0;0.33406323;0.20735203;0.49070042
2052.0;0.35422885;0.22296172;0.5140681
2053.0;0.37439448;0.23857144;0.53743577
2054.0;0.3945601;0.25418115;0.56080353
2055.0;0.41472572;0.26979086;0.5841712
2056.0;0.43489128;0.28540057;0.60753894
2057.0;0.4550569;0.30101028;0.63090664
2058.0;0.47522253;0.31662;0.65427434
2059.0;0.49538815;0.3322297;0.677642
2060.0;0.5155538;0.34783942;0.7010097
2061.0;0.5425396;0.36779568;0.72811687
2062.0;0.5695255;0.38775197;0.7552241
2063.0;0.5965113;0.4077082;0.7823313
2064.0;0.6234972;0.42766446;0.8094385
2065.0;0.650483;0.4476207;0.8365457
2066.0;0.6774689;0.46757695;0.86365294
2067.0;0.7044547;0.4875332;0.8907601
2068.0;0.73144054;0.50748944;0.9178673
2069.0;0.75842637;0.52744573;0.94497454
2070.0;0.78541225;0.54740196;0.9720817
2071.0;0.8183422;0.574774;1.0048041
2072.0;0.8512723;0.6021461;1.0375265
2073.0;0.88420236;0.62951815;1.0702487
2074.0;0.9171323;0.65689015;1.1029712
2075.0;0.9500624;0.6842622;1.1356934
2076.0;0.9829924;0.7116343;1.1684159
2077.0;1.0159224;0.7390063;1.2011381
2078.0;1.0488524;0.76637834;1.2338606
2079.0;1.0817825;0.7937504;1.266583
2080.0;1.1147125;0.8211224;1.2993053
2081.0;1.1493156;0.85881126;1.3366482
2082.0;1.1839186;0.8965001;1.3739911
2083.0;1.2185216;0.93418896;1.411334
2084.0;1.2531246;0.9718778;1.448677
2085.0;1.2877277;1.0095665;1.4860198
2086.0;1.3223307;1.0472554;1.5233628
2087.0;1.3569337;1.0849442;1.5607058
2088.0;1.3915367;1.1226331;1.5980487
2089.0;1.4261397;1.160322;1.6353916
2090.0;1.4607428;1.1980107;1.6727345
2091.0;1.4969888;1.2330927;1.7099905
2092.0;1.5332348;1.2681748;1.7472464
2093.0;1.5694808;1.3032569;1.7845023
2094.0;1.605727;1.3383389;1.8217583
2095.0;1.6419729;1.373421;1.8590142
2096.0;1.6782187;1.4085028;1.89627
2097.0;1.7144649;1.4435848;1.9335259
2098.0;1.750711;1.478667;1.9707818
2099.0;1.7869569;1.5137489;2.0080378
2100.0;1.8232028;1.548831;2.0452938
2101.0;1.8603609;1.5738493;2.0900009
2102.0;1.8975189;1.598868;2.1347084
2103.0;1.9346768;1.6238865;2.179416
2104.0;1.9718347;1.648905;2.2241235
2105.0;2.0089927;1.6739236;2.268831
2106.0;2.0461507;1.6989421;2.3135383
2107.0;2.0833087;1.7239605;2.3582458
2108.0;2.1204665;1.748979;2.4029531
2109.0;2.1576245;1.7739977;2.4476607
2110.0;2.1947825;1.7990161;2.4923682
2111.0;2.2283978;1.8211266;2.5452716
2112.0;2.2620137;1.843237;2.5981753
2113.0;2.2956295;1.8653476;2.6510792
2114.0;2.329245;1.887458;2.7039826
2115.0;2.3628607;1.9095685;2.7568862
2116.0;2.396476;1.931679;2.80979
2117.0;2.4300919;1.9537896;2.8626933
2118.0;2.4637074;1.9759;2.9155972
2119.0;2.497323;1.9980105;2.9685006
2120.0;2.5309386;2.0201209;3.0214043
2121.0;2.5578542;2.0393748;3.083767
2122.0;2.5847702;2.0586286;3.1461294
2123.0;2.611686;2.0778823;3.2084918
2124.0;2.6386015;2.0971363;3.2708545
2125.0;2.6655176;2.11639;3.333217
2126.0;2.692433;2.1356437;3.395579
2127.0;2.719349;2.1548975;3.457942
2128.0;2.7462647;2.1741514;3.5203042
2129.0;2.7731805;2.193405;3.5826669
2130.0;2.8000963;2.212659;3.6450293
2131.0;2.8264341;2.2263763;3.7136703
2132.0;2.852772;2.2400937;3.782311
2133.0;2.87911;2.2538111;3.8509521
2134.0;2.9054482;2.2675288;3.919593
2135.0;2.931786;2.2812462;3.9882338
2136.0;2.958124;2.2949634;4.056875
2137.0;2.984462;2.3086808;4.1255155
2138.0;3.0108001;2.3223982;4.1941566
2139.0;3.037138;2.3361154;4.2627974
2140.0;3.0634758;2.349833;4.3314385
2141.0;3.0880017;2.3585656;4.3977284
2142.0;3.1125278;2.3672984;4.4640193
2143.0;3.1370537;2.376031;4.5303097
2144.0;3.1615796;2.3847637;4.5966005
2145.0;3.1861055;2.3934963;4.6628904
2146.0;3.2106314;2.402229;4.7291813
2147.0;3.2351573;2.4109616;4.7954717
2148.0;3.2596831;2.4196944;4.861762
2149.0;3.2842093;2.428427;4.9280524
2150.0;3.3087351;2.4371598;4.994343
