2020.0;0.051212925;0.025058908;0.07718722
2021.0;0.054199904;0.027467905;0.08128586
2022.0;0.057186883;0.029876903;0.08538451
2023.0;0.060173858;0.0322859;0.08948316
2024.0;0.06316084;0.0346949;0.0935818
2025.0;0.06614781;0.0371039;0.09768045
2026.0;0.069134794;0.039512895;0.101779096
2027.0;0.07212177;0.04192189;0.10587775
2028.0;0.07510875;0.044330887;0.109976396
2029.0;0.07809573;0.046739884;0.11407504
2030.0;0.0810827;0.049148884;0.11817368
2031.0;0.0852668;0.051818196;0.12457695
2032.0;0.089450896;0.05448751;0.13098021
2033.0;0.09363499;0.057156824;0.13738348
2034.0;0.09781909;0.059826143;0.14378674
2035.0;0.10200318;0.06249545;0.15018998
2036.0;0.10618727;0.06516477;0.15659326
2037.0;0.11037137;0.06783408;0.16299652
2038.0;0.11455546;0.070503384;0.16939978
2039.0;0.11873956;0.073172696;0.17580304
2040.0;0.12292366;0.075842015;0.1822063
2041.0;0.12878312;0.08021736;0.19028771
2042.0;0.13464257;0.08459271;0.19836913
2043.0;0.14050205;0.088968046;0.20645054
2044.0;0.14636151;0.0933434;0.21453194
2045.0;0.15222098;0.09771874;0.22261335
2046.0;0.15808043;0.102094084;0.23069476
2047.0;0.1639399;0.10646942;0.23877616
2048.0;0.16979936;0.110844776;0.24685755
2049.0;0.17565882;0.115220115;0.25493896
2050.0;0.18151829;0.11959546;0.2630204
2051.0;0.18893287;0.12513082;0.27266702
2052.0;0.19634745;0.1306662;0.2823137
2053.0;0.20376202;0.13620156;0.29196036
2054.0;0.2111766;0.14173692;0.301607
2055.0;0.21859118;0.14727227;0.31125367
2056.0;0.22600576;0.15280765;0.32090032
2057.0;0.23342034;0.15834302;0.330547
2058.0;0.24083492;0.16387838;0.34019363
2059.0;0.24824952;0.16941375;0.3498403
2060.0;0.25566408;0.17494911;0.35948697
2061.0;0.26458243;0.18160339;0.37105352
2062.0;0.27350077;0.1882577;0.38262007
2063.0;0.28241912;0.19491199;0.39418665
2064.0;0.29133746;0.20156626;0.40575317
2065.0;0.3002558;0.20822056;0.41731974
2066.0;0.30917412;0.21487485;0.4288863
2067.0;0.31809247;0.22152913;0.44045284
2068.0;0.32701084;0.2281834;0.45201942
2069.0;0.33592913;0.23483771;0.46358594
2070.0;0.3448475;0.24149199;0.4751525
2071.0;0.35674268;0.25138953;0.48857617
2072.0;0.36863792;0.2612871;0.50199986
2073.0;0.38053307;0.27118462;0.51542354
2074.0;0.39242828;0.28108218;0.5288472
2075.0;0.40432343;0.2909797;0.5422709
2076.0;0.41621864;0.30087727;0.5556945
2077.0;0.4281138;0.3107748;0.5691182
2078.0;0.44000903;0.32067236;0.5825419
2079.0;0.4519042;0.3305699;0.5959655
2080.0;0.4637994;0.34046742;0.60938925
2081.0;0.48003376;0.35432944;0.6252468
2082.0;0.49626812;0.36819148;0.6411045
2083.0;0.51250243;0.38205346;0.65696216
2084.0;0.5287369;0.39591548;0.67281985
2085.0;0.54497117;0.40977746;0.6886775
2086.0;0.56120557;0.42363948;0.7045351
2087.0;0.57743996;0.43750143;0.72039276
2088.0;0.5936743;0.45136347;0.73625034
2089.0;0.6099087;0.46522546;0.7521081
2090.0;0.62614304;0.47908747;0.7679657
2091.0;0.6440543;0.49221534;0.7878536
2092.0;0.66196555;0.50534326;0.80774146
2093.0;0.67987674;0.5184711;0.8276293
2094.0;0.697788;0.531599;0.8475172
2095.0;0.7156992;0.5447269;0.86740506
2096.0;0.73361045;0.5578548;0.887293
2097.0;0.7515217;0.5709827;0.9071808
2098.0;0.76943296;0.58411056;0.92706865
2099.0;0.78734416;0.5972385;0.9469565
2100.0;0.8052554;0.61036634;0.96684444
2101.0;0.82615715;0.62172955;0.993885
2102.0;0.847059;0.6330927;1.0209256
2103.0;0.86796075;0.6444559;1.0479664
2104.0;0.8888626;0.6558191;1.0750068
2105.0;0.90976435;0.66718227;1.1020474
2106.0;0.93066615;0.6785455;1.1290882
2107.0;0.95156795;0.6899087;1.1561286
2108.0;0.97246975;0.70127183;1.1831694
2109.0;0.9933715;0.712635;1.2102098
2110.0;1.0142733;0.72399825;1.2372504
2111.0;1.0318692;0.7344853;1.2742542
2112.0;1.0494651;0.7449725;1.311258
2113.0;1.0670608;0.75545967;1.3482615
2114.0;1.0846567;0.7659468;1.3852654
2115.0;1.1022526;0.77643394;1.4222689
2116.0;1.1198484;0.7869211;1.4592726
2117.0;1.1374444;0.7974082;1.4962763
2118.0;1.1550401;0.8078953;1.53328
2119.0;1.1726362;0.8183825;1.5702837
2120.0;1.1902319;0.82886964;1.6072874
2121.0;1.2059513;0.83880717;1.6573173
2122.0;1.2216706;0.8487448;1.7073474
2123.0;1.2373899;0.8586824;1.7573771
2124.0;1.2531093;0.86862;1.8074073
2125.0;1.2688286;0.8785575;1.8574371
2126.0;1.2845479;0.8884951;1.9074671
2127.0;1.3002673;0.8984327;1.9574971
2128.0;1.3159868;0.9083703;2.007527
2129.0;1.3317059;0.9183078;2.0575569
2130.0;1.3474253;0.9282454;2.1075869
2131.0;1.3624945;0.9373529;2.1699195
2132.0;1.3775637;0.94646055;2.232252
2133.0;1.3926328;0.95556813;2.2945845
2134.0;1.4077022;0.96467566;2.356917
2135.0;1.4227712;0.9737832;2.4192495
2136.0;1.4378405;0.9828907;2.481582
2137.0;1.4529097;0.9919983;2.5439146
2138.0;1.4679787;1.0011058;2.6062467
2139.0;1.483048;1.0102135;2.6685793
2140.0;1.4981172;1.019321;2.730912
2141.0;1.5128988;1.0276455;2.8057165
2142.0;1.5276805;1.03597;2.8805215
2143.0;1.5424621;1.0442946;2.955326
2144.0;1.557244;1.052619;3.030131
2145.0;1.5720254;1.0609436;3.104936
2146.0;1.586807;1.0692681;3.1797407
2147.0;1.6015886;1.0775926;3.2545455
2148.0;1.6163703;1.0859171;3.32935
2149.0;1.631152;1.0942416;3.404155
2150.0;1.6459336;1.1025661;3.4789598
