2020.0;0.0530364;0.022850204;0.080412865
2021.0;0.056968264;0.025386956;0.086968735
2022.0;0.06090014;0.027923707;0.09352461
2023.0;0.06483201;0.030460456;0.10008049
2024.0;0.068763874;0.032997206;0.10663637
2025.0;0.07269574;0.035533957;0.113192245
2026.0;0.07662762;0.03807071;0.11974812
2027.0;0.08055948;0.04060746;0.126304
2028.0;0.08449135;0.04314421;0.13285986
2029.0;0.088423215;0.045680963;0.13941574
2030.0;0.09235509;0.048217714;0.14597163
2031.0;0.09827872;0.052024554;0.1564807
2032.0;0.10420236;0.055831403;0.1669898
2033.0;0.110125996;0.05963825;0.17749889
2034.0;0.11604964;0.06344509;0.18800798
2035.0;0.121973276;0.067251936;0.19851705
2036.0;0.1278969;0.07105879;0.20902616
2037.0;0.13382056;0.07486563;0.21953523
2038.0;0.13974419;0.07867247;0.23004432
2039.0;0.14566782;0.08247931;0.24055341
2040.0;0.15159146;0.086286165;0.2510625
2041.0;0.16136533;0.093072526;0.2649432
2042.0;0.17113921;0.09985889;0.2788239
2043.0;0.18091309;0.10664525;0.2927046
2044.0;0.19068696;0.11343161;0.30658537
2045.0;0.20046084;0.12021797;0.32046607
2046.0;0.21023472;0.12700434;0.33434677
2047.0;0.22000858;0.1337907;0.34822747
2048.0;0.22978245;0.14057706;0.36210817
2049.0;0.23955633;0.14736342;0.3759889
2050.0;0.2493302;0.15414979;0.3898696
2051.0;0.26329702;0.16367938;0.40644732
2052.0;0.27726385;0.17320898;0.42302507
2053.0;0.2912307;0.18273859;0.43960282
2054.0;0.30519754;0.1922682;0.45618054
2055.0;0.31916437;0.20179777;0.4727583
2056.0;0.3331312;0.21132737;0.48933598
2057.0;0.34709805;0.22085696;0.50591373
2058.0;0.36106485;0.23038658;0.5224915
2059.0;0.37503168;0.23991618;0.53906924
2060.0;0.38899854;0.24944577;0.55564696
2061.0;0.40757006;0.2614219;0.5769745
2062.0;0.42614162;0.273398;0.598302
2063.0;0.4447132;0.2853741;0.6196295
2064.0;0.46328473;0.29735026;0.64095706
2065.0;0.48185626;0.30932635;0.66228455
2066.0;0.5004278;0.3213025;0.68361205
2067.0;0.51899934;0.3332786;0.7049396
2068.0;0.5375709;0.34525472;0.7262671
2069.0;0.5561424;0.3572308;0.7475946
2070.0;0.574714;0.36920694;0.7689221
2071.0;0.5961568;0.38575038;0.7915538
2072.0;0.6175997;0.40229395;0.81418544
2073.0;0.63904256;0.4188374;0.83681715
2074.0;0.6604853;0.4353809;0.8594488
2075.0;0.6819282;0.45192438;0.88208044
2076.0;0.7033711;0.4684679;0.904712
2077.0;0.7248139;0.48501137;0.9273437
2078.0;0.74625677;0.50155485;0.94997543
2079.0;0.76769966;0.51809835;0.9726071
2080.0;0.78914243;0.53464186;0.9952387
2081.0;0.8135463;0.55355996;1.0201732
2082.0;0.83795017;0.57247806;1.0451078
2083.0;0.86235404;0.5913961;1.0700424
2084.0;0.8867579;0.61031425;1.0949768
2085.0;0.9111618;0.6292323;1.1199114
2086.0;0.93556565;0.6481504;1.144846
2087.0;0.9599695;0.66706854;1.1697804
2088.0;0.9843734;0.68598664;1.1947148
2089.0;1.0087773;0.7049047;1.2196496
2090.0;1.0331812;0.72382283;1.244584
2091.0;1.0576855;0.7428824;1.270421
2092.0;1.0821899;0.761942;1.296258
2093.0;1.1066943;0.78100157;1.3220949
2094.0;1.1311986;0.8000612;1.347932
2095.0;1.155703;0.81912076;1.3737689
2096.0;1.1802074;0.8381804;1.399606
2097.0;1.2047117;0.85723996;1.4254428
2098.0;1.2292161;0.87629956;1.4512799
2099.0;1.2537204;0.8953592;1.4771168
2100.0;1.2782248;0.91441876;1.5029539
2101.0;1.3040694;0.93009484;1.5337688
2102.0;1.3299141;0.94577104;1.5645838
2103.0;1.3557587;0.9614471;1.5953987
2104.0;1.3816032;0.9771233;1.6262137
2105.0;1.4074479;0.99279946;1.6570286
2106.0;1.4332925;1.0084755;1.6878436
2107.0;1.459137;1.0241517;1.7186584
2108.0;1.4849817;1.0398277;1.7494733
2109.0;1.5108263;1.055504;1.7802882
2110.0;1.5366709;1.0711801;1.8111031
2111.0;1.5579206;1.0870345;1.8470757
2112.0;1.5791701;1.102889;1.8830483
2113.0;1.6004196;1.1187434;1.919021
2114.0;1.6216694;1.1345979;1.9549936
2115.0;1.642919;1.1504523;1.9909661
2116.0;1.6641686;1.1663066;2.0269387
2117.0;1.6854182;1.1821611;2.0629113
2118.0;1.7066678;1.1980156;2.098884
2119.0;1.7279173;1.21387;2.1348565
2120.0;1.749167;1.2297245;2.170829
2121.0;1.7664473;1.2424223;2.2074664
2122.0;1.7837276;1.2551205;2.2441034
2123.0;1.8010081;1.2678185;2.2807407
2124.0;1.8182883;1.2805166;2.3173783
2125.0;1.8355685;1.2932146;2.354015
2126.0;1.852849;1.3059126;2.3906527
2127.0;1.8701293;1.3186105;2.4272897
2128.0;1.8874097;1.3313086;2.463927
2129.0;1.90469;1.3440065;2.500564
2130.0;1.9219704;1.3567046;2.5372014
2131.0;1.9394498;1.3681922;2.5723944
2132.0;1.9569293;1.3796799;2.6075873
2133.0;1.9744089;1.3911676;2.6427803
2134.0;1.9918883;1.4026552;2.677973
2135.0;2.0093677;1.414143;2.713166
2136.0;2.0268471;1.4256306;2.7483592
2137.0;2.0443265;1.4371183;2.783552
2138.0;2.0618062;1.448606;2.818745
2139.0;2.0792856;1.4600936;2.853938
2140.0;2.096765;1.4715813;2.8891308
2141.0;2.111124;1.4814299;2.9297385
2142.0;2.125483;1.4912788;2.9703462
2143.0;2.139842;1.5011276;3.0109541
2144.0;2.1542013;1.5109763;3.0515618
2145.0;2.16856;1.5208249;3.0921695
2146.0;2.182919;1.5306737;3.1327767
2147.0;2.1972778;1.5405223;3.1733847
2148.0;2.211637;1.5503712;3.2139924
2149.0;2.225996;1.5602199;3.2546
2150.0;2.240355;1.5700686;3.2952077
