2020.0;0.045163177;0.020074975;0.07247423
2021.0;0.04784373;0.021934954;0.07587193
2022.0;0.050524283;0.023794938;0.07926964
2023.0;0.053204834;0.025654918;0.08266734
2024.0;0.05588539;0.027514897;0.08606505
2025.0;0.05856594;0.029374879;0.08946275
2026.0;0.061246496;0.031234859;0.09286046
2027.0;0.06392705;0.033094842;0.09625816
2028.0;0.066607594;0.03495482;0.09965587
2029.0;0.06928816;0.036814805;0.10305356
2030.0;0.071968704;0.038674783;0.10645128
2031.0;0.07535494;0.04091058;0.11099336
2032.0;0.07874117;0.04314638;0.11553547
2033.0;0.08212741;0.045382176;0.12007756
2034.0;0.085513644;0.047617972;0.124619655
2035.0;0.08889987;0.04985377;0.12916175
2036.0;0.0922861;0.05208957;0.13370384
2037.0;0.09567234;0.05432537;0.13824593
2038.0;0.09905857;0.05656116;0.14278802
2039.0;0.1024448;0.058796957;0.1473301
2040.0;0.10583104;0.061032757;0.1518722
2041.0;0.10981438;0.06403111;0.15715644
2042.0;0.11379775;0.06702948;0.16244067
2043.0;0.11778109;0.07002784;0.1677249
2044.0;0.121764444;0.0730262;0.17300916
2045.0;0.12574778;0.076024555;0.17829338
2046.0;0.12973113;0.07902292;0.18357761
2047.0;0.13371448;0.08202127;0.18886185
2048.0;0.13769785;0.08501963;0.19414608
2049.0;0.14168118;0.08801799;0.19943032
2050.0;0.14566454;0.09101635;0.20471455
2051.0;0.14961712;0.09422174;0.20989436
2052.0;0.15356971;0.09742714;0.2150742
2053.0;0.1575223;0.10063253;0.220254
2054.0;0.16147491;0.10383793;0.22543384
2055.0;0.16542749;0.10704332;0.23061365
2056.0;0.16938008;0.1102487;0.23579346
2057.0;0.17333268;0.1134541;0.24097326
2058.0;0.17728527;0.1166595;0.2461531
2059.0;0.18123785;0.11986489;0.2513329
2060.0;0.18519044;0.123070285;0.25651273
2061.0;0.18945219;0.12643178;0.26209593
2062.0;0.19371392;0.12979327;0.26767913
2063.0;0.19797565;0.13315475;0.27326232
2064.0;0.20223737;0.13651627;0.27884552
2065.0;0.20649908;0.13987775;0.28442872
2066.0;0.21076082;0.14323926;0.29001194
2067.0;0.21502255;0.14660074;0.2955951
2068.0;0.21928428;0.14996223;0.3011783
2069.0;0.223546;0.15332372;0.30676153
2070.0;0.22780775;0.15668523;0.31234473
2071.0;0.23277964;0.16042538;0.31865478
2072.0;0.23775156;0.16416556;0.32496485
2073.0;0.24272345;0.16790573;0.3312749
2074.0;0.24769534;0.17164591;0.33758497
2075.0;0.25266725;0.17538607;0.34389502
2076.0;0.25763917;0.17912625;0.35020506
2077.0;0.26261106;0.18286641;0.35651514
2078.0;0.26758295;0.18660657;0.36282519
2079.0;0.27255487;0.19034676;0.36913526
2080.0;0.27752677;0.19408691;0.3754453
2081.0;0.2828957;0.19831109;0.38202244
2082.0;0.28826472;0.20253526;0.38859951
2083.0;0.29363367;0.20675944;0.39517662
2084.0;0.29900262;0.21098363;0.40175372
2085.0;0.3043716;0.2152078;0.4083308
2086.0;0.30974057;0.21943198;0.4149079
2087.0;0.31510952;0.22365615;0.421485
2088.0;0.3204785;0.22788033;0.4280621
2089.0;0.32584748;0.2321045;0.43463922
2090.0;0.33121642;0.23632868;0.44121632
2091.0;0.33645177;0.2386226;0.44944882
2092.0;0.34168717;0.24091655;0.4576814
2093.0;0.34692252;0.24321048;0.46591392
2094.0;0.3521579;0.24550442;0.47414646
2095.0;0.35739323;0.24779834;0.48237896
2096.0;0.3626286;0.25009227;0.49061152
2097.0;0.36786398;0.2523862;0.49884403
2098.0;0.37309933;0.25468016;0.50707656
2099.0;0.3783347;0.25697407;0.5153091
2100.0;0.38357008;0.25926802;0.5235416
2101.0;0.38881275;0.2629778;0.5305409
2102.0;0.3940555;0.26668763;0.53754014
2103.0;0.39929822;0.2703974;0.54453945
2104.0;0.4045409;0.27410722;0.55153877
2105.0;0.4097836;0.277817;0.55853796
2106.0;0.4150263;0.28152683;0.5655373
2107.0;0.420269;0.28523663;0.5725366
2108.0;0.42551172;0.28894642;0.57953584
2109.0;0.43075442;0.29265624;0.5865351
2110.0;0.43599713;0.29636604;0.59353435
2111.0;0.4414902;0.30028185;0.60080445
2112.0;0.4469833;0.30419767;0.6080746
2113.0;0.45247638;0.3081135;0.6153447
2114.0;0.4579695;0.3120293;0.6226148
2115.0;0.46346256;0.31594512;0.6298849
2116.0;0.46895564;0.31986094;0.63715506
2117.0;0.47444874;0.32377675;0.6444251
2118.0;0.47994184;0.32769257;0.6516952
2119.0;0.48543492;0.33160836;0.65896535
2120.0;0.49092796;0.3355242;0.6662354
2121.0;0.49629435;0.33936474;0.6738351
2122.0;0.5016607;0.34320533;0.68143475
2123.0;0.50702703;0.34704587;0.6890344
2124.0;0.5123934;0.3508864;0.6966342
2125.0;0.51775974;0.35472697;0.70423377
2126.0;0.5231261;0.3585675;0.7118334
2127.0;0.5284925;0.36240804;0.7194331
2128.0;0.53385884;0.3662486;0.7270328
2129.0;0.5392252;0.37008917;0.73463243
2130.0;0.54459155;0.3739297;0.74223214
2131.0;0.5502026;0.37733653;0.74995583
2132.0;0.5558138;0.38074335;0.75767946
2133.0;0.5614249;0.38415015;0.76540315
2134.0;0.5670361;0.38755697;0.77312684
2135.0;0.57264715;0.3909638;0.78085047
2136.0;0.5782583;0.39437062;0.7885741
2137.0;0.5838694;0.39777744;0.7962977
2138.0;0.5894805;0.40118423;0.8040214
2139.0;0.59509164;0.40459102;0.81174505
2140.0;0.60070276;0.40799788;0.81946874
2141.0;0.60633993;0.41138715;0.82820415
2142.0;0.61197716;0.4147765;0.83693963
2143.0;0.6176144;0.4181658;0.84567505
2144.0;0.62325156;0.4215551;0.8544105
2145.0;0.6288888;0.4249444;0.8631459
2146.0;0.634526;0.42833373;0.8718813
2147.0;0.6401632;0.43172303;0.8806167
2148.0;0.6458004;0.43511236;0.8893522
2149.0;0.65143764;0.43850166;0.89808756
2150.0;0.6570748;0.44189095;0.906823
