2020.0;0.036191713;0.014979763;0.057841584
2021.0;0.03830887;0.016306546;0.06089948
2022.0;0.040426027;0.017633328;0.063957386
2023.0;0.042543184;0.018960109;0.06701528
2024.0;0.04466034;0.020286892;0.07007318
2025.0;0.046777498;0.021613672;0.07313108
2026.0;0.04889466;0.022940455;0.07618898
2027.0;0.051011816;0.024267234;0.07924688
2028.0;0.053128973;0.025594018;0.082304776
2029.0;0.05524613;0.0269208;0.08536268
2030.0;0.057363287;0.028247582;0.08842058
2031.0;0.05941563;0.02902945;0.092112765
2032.0;0.06146798;0.02981132;0.095804945
2033.0;0.06352033;0.030593187;0.09949713
2034.0;0.06557267;0.031375058;0.103189304
2035.0;0.067625016;0.032156926;0.106881484
2036.0;0.06967737;0.032938797;0.11057367
2037.0;0.07172971;0.03372066;0.11426585
2038.0;0.07378206;0.034502532;0.11795803
2039.0;0.0758344;0.0352844;0.12165023
2040.0;0.07788675;0.036066268;0.1253424
2041.0;0.079803735;0.03724964;0.12800825
2042.0;0.08172071;0.038433023;0.13067408
2043.0;0.08363769;0.039616395;0.13333991
2044.0;0.085554674;0.04079977;0.13600576
2045.0;0.08747165;0.041983142;0.13867159
2046.0;0.08938863;0.04316652;0.14133744
2047.0;0.09130562;0.04434989;0.14400327
2048.0;0.093222596;0.04553327;0.1466691
2049.0;0.09513957;0.046716645;0.14933494
2050.0;0.09705656;0.047900017;0.15200078
2051.0;0.09945354;0.04944685;0.15537173
2052.0;0.101850525;0.050993685;0.1587427
2053.0;0.104247496;0.05254051;0.16211365
2054.0;0.10664449;0.054087345;0.16548459
2055.0;0.10904146;0.05563418;0.16885555
2056.0;0.111438446;0.05718101;0.1722265
2057.0;0.11383542;0.05872784;0.17559746
2058.0;0.11623241;0.060274668;0.17896841
2059.0;0.11862939;0.0618215;0.18233937
2060.0;0.12102637;0.063368335;0.18571031
2061.0;0.12340441;0.0646007;0.18926938
2062.0;0.12578246;0.06583306;0.19282845
2063.0;0.12816049;0.06706543;0.19638751
2064.0;0.13053854;0.06829779;0.19994657
2065.0;0.1329166;0.06953015;0.20350564
2066.0;0.13529465;0.070762515;0.2070647
2067.0;0.13767268;0.07199488;0.21062376
2068.0;0.14005074;0.07322724;0.21418281
2069.0;0.14242879;0.07445961;0.21774188
2070.0;0.14480682;0.07569197;0.22130094
2071.0;0.14668207;0.076455735;0.22438923
2072.0;0.14855732;0.07721951;0.22747748
2073.0;0.15043259;0.077983275;0.23056576
2074.0;0.15230784;0.07874704;0.23365402
2075.0;0.15418307;0.0795108;0.23674227
2076.0;0.15605834;0.080274574;0.23983057
2077.0;0.1579336;0.08103835;0.24291882
2078.0;0.15980884;0.08180211;0.2460071
2079.0;0.16168408;0.082565874;0.24909535
2080.0;0.16355935;0.08332964;0.25218362
2081.0;0.16584004;0.084577285;0.2558497
2082.0;0.16812076;0.085824944;0.25951573
2083.0;0.17040147;0.08707259;0.26318184
2084.0;0.1726822;0.08832023;0.2668479
2085.0;0.1749629;0.08956787;0.27051395
2086.0;0.1772436;0.09081552;0.27418
2087.0;0.17952432;0.092063166;0.27784607
2088.0;0.18180504;0.09331082;0.28151214
2089.0;0.18408576;0.094558455;0.2851782
2090.0;0.18636645;0.09580611;0.28884426
2091.0;0.18863894;0.095893696;0.29360664
2092.0;0.19091144;0.09598131;0.29836896
2093.0;0.19318393;0.0960689;0.3031313
2094.0;0.19545642;0.09615649;0.30789366
2095.0;0.19772892;0.09624409;0.31265602
2096.0;0.2000014;0.09633168;0.31741837
2097.0;0.20227389;0.09641928;0.3221807
2098.0;0.20454638;0.09650688;0.32694304
2099.0;0.20681888;0.09659447;0.3317054
2100.0;0.20909135;0.096682064;0.33646774
2101.0;0.21085034;0.09716235;0.33984238
2102.0;0.21260935;0.09764265;0.34321705
2103.0;0.21436833;0.09812294;0.34659168
2104.0;0.21612732;0.09860323;0.34996632
2105.0;0.21788631;0.09908353;0.35334095
2106.0;0.21964529;0.099563815;0.3567156
2107.0;0.2214043;0.10004411;0.36009023
2108.0;0.22316328;0.10052439;0.36346486
2109.0;0.22492225;0.10100468;0.3668395
2110.0;0.22668126;0.10148498;0.37021413
2111.0;0.22836804;0.10178525;0.37350893
2112.0;0.23005487;0.10208552;0.3768038
2113.0;0.23174167;0.1023858;0.38009858
2114.0;0.23342846;0.10268607;0.3833934
2115.0;0.23511526;0.10298634;0.3866882
2116.0;0.23680206;0.103286624;0.38998303
2117.0;0.23848887;0.10358689;0.39327782
2118.0;0.24017566;0.10388717;0.39657262
2119.0;0.24186248;0.10418743;0.39986748
2120.0;0.24354927;0.10448771;0.40316227
2121.0;0.24524483;0.10470647;0.40629676
2122.0;0.2469404;0.104925245;0.40943128
2123.0;0.24863596;0.10514401;0.41256577
2124.0;0.25033152;0.10536278;0.41570026
2125.0;0.2520271;0.105581544;0.41883472
2126.0;0.25372267;0.105800316;0.42196923
2127.0;0.2554182;0.10601908;0.4251037
2128.0;0.25711375;0.10623785;0.4282382
2129.0;0.25880936;0.10645662;0.43137267
2130.0;0.2605049;0.10667539;0.4345072
2131.0;0.26198873;0.10681525;0.4375304
2132.0;0.2634726;0.10695511;0.44055364
2133.0;0.2649564;0.10709497;0.44357684
2134.0;0.26644027;0.10723484;0.4466001
2135.0;0.2679241;0.1073747;0.4496233
2136.0;0.26940793;0.10751457;0.4526465
2137.0;0.2708918;0.10765443;0.45566973
2138.0;0.2723756;0.10779429;0.45869294
2139.0;0.27385947;0.10793415;0.46171618
2140.0;0.2753433;0.10807401;0.46473938
2141.0;0.27676845;0.10819922;0.46797684
2142.0;0.2781936;0.10832443;0.4712143
2143.0;0.27961877;0.10844964;0.47445178
2144.0;0.28104395;0.10857485;0.4776892
2145.0;0.2824691;0.10870006;0.4809267
2146.0;0.28389424;0.10882526;0.48416412
2147.0;0.2853194;0.10895047;0.4874016
2148.0;0.28674456;0.10907567;0.49063906
2149.0;0.2881697;0.10920089;0.49387652
2150.0;0.2895949;0.109326094;0.49711397
