2020.0;0.045244377;0.020156173;0.07255542
2021.0;0.047924932;0.022016155;0.075953126
2022.0;0.050605483;0.023876134;0.07935083
2023.0;0.053286035;0.025736116;0.08274853
2024.0;0.05596659;0.027596097;0.08614624
2025.0;0.05864714;0.029456077;0.089543946
2026.0;0.06132769;0.03131606;0.09294166
2027.0;0.06400825;0.033176042;0.09633935
2028.0;0.0666888;0.03503602;0.09973707
2029.0;0.069369346;0.036896;0.10313477
2030.0;0.0720499;0.038755983;0.10653248
2031.0;0.07543614;0.04099178;0.11107457
2032.0;0.078822374;0.043227576;0.115616664
2033.0;0.0822086;0.045463376;0.120158754
2034.0;0.08559483;0.047699172;0.12470085
2035.0;0.08898107;0.04993497;0.12924294
2036.0;0.0923673;0.05217077;0.13378504
2037.0;0.09575354;0.05440656;0.13832712
2038.0;0.09913977;0.056642365;0.14286922
2039.0;0.10252601;0.058878157;0.1474113
2040.0;0.10591224;0.061113957;0.1519534
2041.0;0.10989559;0.06411231;0.15723762
2042.0;0.113878936;0.06711068;0.16252187
2043.0;0.11786229;0.07010904;0.1678061
2044.0;0.12184563;0.0731074;0.17309034
2045.0;0.12582898;0.07610575;0.17837457
2046.0;0.12981233;0.07910411;0.18365881
2047.0;0.13379568;0.08210247;0.18894306
2048.0;0.13777903;0.08510084;0.19422726
2049.0;0.14176239;0.08809919;0.1995115
2050.0;0.14574572;0.09109755;0.20479575
2051.0;0.14969832;0.09430294;0.20997556
2052.0;0.15365091;0.09750834;0.21515538
2053.0;0.1576035;0.10071373;0.2203352
2054.0;0.1615561;0.103919126;0.22551501
2055.0;0.16550869;0.107124515;0.23069485
2056.0;0.16946128;0.11032991;0.23587467
2057.0;0.17341386;0.11353531;0.24105448
2058.0;0.17736645;0.11674069;0.2462343
2059.0;0.18131904;0.11994609;0.25141412
2060.0;0.18527164;0.12315148;0.25659394
2061.0;0.18953337;0.12651297;0.2621771
2062.0;0.1937951;0.12987447;0.26776034
2063.0;0.19805682;0.13323596;0.27334353
2064.0;0.20231858;0.13659745;0.27892673
2065.0;0.2065803;0.13995895;0.28450996
2066.0;0.21084201;0.14332044;0.29009315
2067.0;0.21510376;0.14668193;0.29567632
2068.0;0.21936548;0.15004343;0.30125952
2069.0;0.22362722;0.15340492;0.3068427
2070.0;0.22788894;0.15676641;0.31242594
2071.0;0.23286085;0.16050658;0.31873596
2072.0;0.23783275;0.16424677;0.32504606
2073.0;0.24280466;0.16798693;0.3313561
2074.0;0.24777655;0.1717271;0.3376662
2075.0;0.25274846;0.17546727;0.34397623
2076.0;0.25772038;0.17920744;0.35028628
2077.0;0.26269227;0.1829476;0.35659635
2078.0;0.26766416;0.1866878;0.36290643
2079.0;0.2726361;0.19042794;0.36921647
2080.0;0.27760798;0.19416812;0.37552652
2081.0;0.28297693;0.19839229;0.38210362
2082.0;0.2883459;0.20261648;0.38868073
2083.0;0.29371488;0.20684063;0.3952578
2084.0;0.29908386;0.21106483;0.40183493
2085.0;0.3044528;0.215289;0.408412
2086.0;0.30982178;0.21951318;0.41498914
2087.0;0.31519073;0.22373734;0.42156622
2088.0;0.32055968;0.22796153;0.42814332
2089.0;0.3259287;0.2321857;0.43472043
2090.0;0.33129764;0.23640989;0.4412975
2091.0;0.336533;0.23870382;0.44953004
2092.0;0.34176838;0.24099776;0.45776257
2093.0;0.34700373;0.24329168;0.4659951
2094.0;0.3522391;0.24558562;0.47422767
2095.0;0.35747445;0.24787955;0.48246014
2096.0;0.36270985;0.25017348;0.49069268
2097.0;0.3679452;0.2524674;0.49892524
2098.0;0.37318054;0.25476134;0.50715774
2099.0;0.37841588;0.2570553;0.5153903
2100.0;0.3836513;0.25934923;0.5236228
