2020.0;0.053951923;0.023765728;0.104441516
2021.0;0.057883788;0.02630248;0.11365345
2022.0;0.061815668;0.028839229;0.1228654
2023.0;0.06574753;0.031375982;0.13207734
2024.0;0.069679394;0.033912733;0.14128928
2025.0;0.07361127;0.03644948;0.15050122
2026.0;0.07754314;0.038986232;0.15971316
2027.0;0.081475005;0.041522983;0.16892509
2028.0;0.08540688;0.04405974;0.17813703
2029.0;0.08933874;0.046596482;0.18734896
2030.0;0.093270615;0.049133237;0.19656092
2031.0;0.09919424;0.052940078;0.21368496
2032.0;0.10511789;0.05674693;0.23080905
2033.0;0.111041516;0.06055377;0.2479331
2034.0;0.11696517;0.06436062;0.26505718
2035.0;0.122888796;0.06816746;0.2821812
2036.0;0.12881243;0.071974315;0.2993053
2037.0;0.13473608;0.07578116;0.31642938
2038.0;0.1406597;0.079587996;0.3335534
2039.0;0.14658333;0.08339484;0.3506775
2040.0;0.15250698;0.08720169;0.36780155
2041.0;0.16228084;0.09398805;0.3877915
2042.0;0.17205472;0.100774415;0.40778142
2043.0;0.1818286;0.107560776;0.4277714
2044.0;0.19160248;0.11434714;0.44776136
2045.0;0.20137635;0.1211335;0.4677513
2046.0;0.21115021;0.12791987;0.4877412
2047.0;0.2209241;0.13470623;0.50773114
2048.0;0.23069797;0.14149259;0.52772105
2049.0;0.24047183;0.14827895;0.5477111
2050.0;0.25024572;0.15506531;0.567701
2051.0;0.26421252;0.1645949;0.5860593
2052.0;0.27817938;0.17412451;0.60441756
2053.0;0.2921462;0.18365411;0.6227758
2054.0;0.30611303;0.1931837;0.64113414
2055.0;0.3200799;0.20271328;0.6594924
2056.0;0.33404672;0.2122429;0.67785066
2057.0;0.34801355;0.22177249;0.6962089
2058.0;0.36198038;0.2313021;0.71456724
2059.0;0.3759472;0.24083167;0.7329254
2060.0;0.38991407;0.2503613;0.75128376
2061.0;0.4084856;0.26233742;0.7703184
2062.0;0.42705715;0.27431354;0.789353
2063.0;0.44562873;0.28628963;0.80838764
2064.0;0.46420026;0.29826578;0.82742226
2065.0;0.48277178;0.31024188;0.8464569
2066.0;0.5013433;0.322218;0.8654915
2067.0;0.51991487;0.33419412;0.88452613
2068.0;0.5384864;0.34617025;0.9035608
2069.0;0.5570579;0.35814634;0.9225954
2070.0;0.57562953;0.37012246;0.94163
2071.0;0.5970723;0.3866659;0.9606445
2072.0;0.61851525;0.40320948;0.979659
2073.0;0.6399581;0.41975293;0.99867344
2074.0;0.66140085;0.43629643;1.017688
2075.0;0.68284374;0.4528399;1.0367024
2076.0;0.70428663;0.46938342;1.0557168
2077.0;0.7257294;0.4859269;1.0747313
2078.0;0.7471723;0.5024704;1.0937458
2079.0;0.7686152;0.5190139;1.1127603
2080.0;0.79005796;0.5355574;1.1317748
2081.0;0.8144618;0.5544755;1.1546813
2082.0;0.8388657;0.5733936;1.1775877
2083.0;0.86326957;0.5923116;1.2004942
2084.0;0.88767344;0.6112298;1.2234006
2085.0;0.9120773;0.6301478;1.2463071
2086.0;0.9364812;0.6490659;1.2692137
2087.0;0.96088505;0.66798407;1.2921201
2088.0;0.9852889;0.68690217;1.3150266
2089.0;1.0096928;0.7058202;1.337933
2090.0;1.0340967;0.72473836;1.3608395
2091.0;1.058601;0.7437979;1.3889651
2092.0;1.0831054;0.76285756;1.4170909
2093.0;1.1076099;0.7819171;1.4452167
2094.0;1.1321142;0.80097675;1.4733423
2095.0;1.1566185;0.8200363;1.5014681
2096.0;1.1811229;0.83909595;1.5295937
2097.0;1.2056272;0.8581555;1.5577193
2098.0;1.2301316;0.8772151;1.5858451
2099.0;1.2546359;0.89627475;1.6139709
2100.0;1.2791404;0.9153343;1.6420965
