1920.0;-0.1435002
1921.0;-0.124913104
1922.0;-0.15775113
1923.0;-0.15061387
1924.0;-0.16675699
1925.0;-0.058341775
1926.0;-0.09869731
1927.0;-0.024231687
1928.0;-0.066069625
1929.0;-0.15662053
1930.0;-0.115692414
1931.0;-0.10608355
1932.0;-0.067250244
1933.0;-0.022199979
1934.0;-0.034663614
1935.0;-0.07731135
1936.0;-0.10794851
1937.0;-0.061474472
1938.0;-0.054698225
1939.0;-0.09588467
1940.0;-0.060335048
1941.0;-0.046450667
1942.0;-0.05922686
1943.0;-0.05494536
1944.0;-0.1066282
1945.0;-0.09119276
1946.0;-0.085089825
1947.0;-0.065571405
1948.0;0.028705847
1949.0;-0.025416322
1950.0;0.024290659
1951.0;-0.0051160636
1952.0;-0.04510919
1953.0;-0.022979932
1954.0;0.0030278459
1955.0;-0.04349932
1956.0;-0.0068574613
1957.0;-0.040320586
1958.0;-0.00938971
1959.0;-0.029544013
1960.0;-0.052024357
1961.0;-0.026298337
1962.0;-0.04433351
1963.0;-0.031528015
1964.0;-0.050147686
1965.0;-0.03379045
1966.0;-0.047857005
1967.0;-0.010391705
1968.0;-0.0040544868
1969.0;0.0021988796
1970.0;-0.029642966
1971.0;0.0012990822
1972.0;0.0058962503
1973.0;-0.032573238
1974.0;-0.00064879574
1975.0;-0.024580805
1976.0;-0.04029879
1977.0;-0.062296133
1978.0;-0.029983742
1979.0;-0.041010767
1980.0;-0.038638663
1981.0;-0.0207665
1982.0;0.020603193
1983.0;0.077448286
1984.0;-0.0014637391
1985.0;-0.08199176
1986.0;-0.020692937
1987.0;-0.05146121
1988.0;-0.05655034
1989.0;-0.047404997
1990.0;-0.024927031
1991.0;-0.03816898
1992.0;0.007748923
1993.0;-0.0068426337
1994.0;-0.016496103
1995.0;0.036090713
1996.0;0.013094824
1997.0;0.05064093
1998.0;0.05543965
1999.0;0.016806128
2000.0;-0.008826986
2001.0;-0.038039617
2002.0;-0.028485917
2003.0;0.014492998
2004.0;0.0027093072
2005.0;0.011480841
2006.0;0.034972947
2007.0;-0.01879771
2008.0;-0.0058726133
2009.0;-0.013281519
2010.0;0.046116684
2011.0;0.02918598
2012.0;0.054183625
2013.0;-0.04961131
2014.0;0.05645056
2015.0;0.0388732
2016.0;0.055746485
2017.0;0.07131339
2018.0;0.02601917
2019.0;0.026505698
2020.0;0.030600874
