2020.0;0.05337665;0.030371485;0.07695236
2021.0;0.057844553;0.0330753;0.08394629
2022.0;0.062312465;0.035779115;0.090940215
2023.0;0.06678037;0.038482927;0.09793415
2024.0;0.07124828;0.041186746;0.104928076
2025.0;0.07571619;0.04389056;0.111922
2026.0;0.080184095;0.04659437;0.11891594
2027.0;0.084652;0.049298186;0.12590986
2028.0;0.08911991;0.052001998;0.1329038
2029.0;0.09358782;0.054705814;0.13989772
2030.0;0.09805573;0.05740963;0.14689165
2031.0;0.10584821;0.062121492;0.16000675
2032.0;0.11364068;0.06683335;0.17312185
2033.0;0.121433154;0.071545206;0.18623695
2034.0;0.12922563;0.076257065;0.19935206
2035.0;0.1370181;0.08096892;0.21246716
2036.0;0.14481057;0.085680775;0.22558226
2037.0;0.15260306;0.09039264;0.23869735
2038.0;0.16039553;0.0951045;0.25181246
2039.0;0.168188;0.09981635;0.26492757
2040.0;0.17598048;0.10452821;0.27804267
2041.0;0.18946163;0.11488667;0.29633653
2042.0;0.2029428;0.12524515;0.31463036
2043.0;0.21642397;0.13560362;0.33292425
2044.0;0.22990516;0.1459621;0.3512181
2045.0;0.2433863;0.15632056;0.36951196
2046.0;0.25686747;0.16667902;0.38780585
2047.0;0.27034864;0.17703749;0.4060997
2048.0;0.2838298;0.18739596;0.42439353
2049.0;0.29731095;0.19775443;0.4426874
2050.0;0.31079212;0.2081129;0.46098125
2051.0;0.33103174;0.22336055;0.48277366
2052.0;0.35127142;0.23860821;0.5045661
2053.0;0.37151104;0.25385585;0.52635854
2054.0;0.3917507;0.26910353;0.54815096
2055.0;0.4119903;0.28435117;0.56994337
2056.0;0.43222997;0.2995988;0.5917357
2057.0;0.45246962;0.31484646;0.61352813
2058.0;0.47270927;0.33009413;0.63532054
2059.0;0.4929489;0.34534174;0.65711296
2060.0;0.51318854;0.3605894;0.67890537
2061.0;0.5400537;0.3808161;0.70652765
2062.0;0.566919;0.4010428;0.73415
2063.0;0.59378415;0.42126948;0.7617722
2064.0;0.6206494;0.4414962;0.78939456
2065.0;0.64751464;0.46172288;0.8170167
2066.0;0.6743798;0.4819496;0.844639
2067.0;0.701245;0.5021762;0.8722612
2068.0;0.7281103;0.52240294;0.89988357
2069.0;0.75497544;0.54262966;0.9275058
2070.0;0.7818407;0.5628563;0.9551281
2071.0;0.8147535;0.5903268;0.98760855
2072.0;0.8476664;0.6177973;1.0200891
2073.0;0.8805791;0.64526784;1.0525696
2074.0;0.91349196;0.67273825;1.0850502
2075.0;0.9464047;0.7002088;1.1175307
2076.0;0.97931755;0.7276793;1.1500112
2077.0;1.0122304;0.7551498;1.1824917
2078.0;1.0451432;0.78262025;1.2149723
2079.0;1.0780559;0.8100908;1.2474527
2080.0;1.1109687;0.83756125;1.2799333
2081.0;1.1458424;0.8744543;1.3161428
2082.0;1.1807163;0.91134745;1.3523525
2083.0;1.21559;0.9482406;1.388562
2084.0;1.2504638;0.98513365;1.4247718
2085.0;1.2853376;1.0220268;1.4609812
2086.0;1.3202113;1.0589198;1.4971908
2087.0;1.355085;1.0958129;1.5334003
2088.0;1.3899587;1.132706;1.56961
2089.0;1.4248325;1.169599;1.6058195
2090.0;1.4597063;1.2064922;1.642029
2091.0;1.4956093;1.2411969;1.6804569
2092.0;1.5315124;1.2759017;1.7188851
2093.0;1.5674152;1.3106065;1.7573128
2094.0;1.6033183;1.3453113;1.7957408
2095.0;1.6392214;1.380016;1.8341687
2096.0;1.6751245;1.4147207;1.8725966
2097.0;1.7110275;1.4494255;1.9110246
2098.0;1.7469306;1.4841304;1.9494525
2099.0;1.7828336;1.5188351;1.9878803
2100.0;1.8187366;1.5535398;2.0263083
