2020.0;0.053951923;0.032739975;0.095715575
2021.0;0.056069076;0.03406676;0.09898948
2022.0;0.05818624;0.03539354;0.10226338
2023.0;0.060303397;0.03672032;0.10553728
2024.0;0.062420554;0.038047105;0.108811185
2025.0;0.06453771;0.039373886;0.11208508
2026.0;0.06665487;0.040700667;0.11535898
2027.0;0.068772025;0.04202745;0.11863289
2028.0;0.07088918;0.043354232;0.12190679
2029.0;0.07300634;0.044681013;0.12518069
2030.0;0.0751235;0.046007793;0.1284546
2031.0;0.07717584;0.04678966;0.13305038
2032.0;0.079228185;0.047571532;0.1376462
2033.0;0.08128053;0.0483534;0.14224198
2034.0;0.08333289;0.049135268;0.1468378
2035.0;0.085385226;0.049917135;0.15143359
2036.0;0.08743758;0.050699007;0.15602939
2037.0;0.089489914;0.05148088;0.16062519
2038.0;0.09154227;0.052262746;0.16522099
2039.0;0.09359461;0.053044617;0.16981679
2040.0;0.095646955;0.053826485;0.1744126
2041.0;0.09756394;0.05500986;0.17851813
2042.0;0.09948093;0.056193233;0.18262367
2043.0;0.1013979;0.05737661;0.18672922
2044.0;0.103314884;0.058559984;0.19083475
2045.0;0.105231866;0.05974336;0.1949403
2046.0;0.10714885;0.060926735;0.19904584
2047.0;0.10906582;0.062110107;0.20315136
2048.0;0.110982805;0.06329349;0.20725691
2049.0;0.11289979;0.06447686;0.21136245
2050.0;0.11481677;0.06566023;0.21546799
2051.0;0.11721375;0.06720706;0.22022338
2052.0;0.119610734;0.0687539;0.2249788
2053.0;0.12200772;0.07030073;0.22973423
2054.0;0.12440469;0.071847565;0.23448962
2055.0;0.12680167;0.073394395;0.23924503
2056.0;0.12919866;0.074941225;0.24400042
2057.0;0.13159564;0.076488055;0.24875584
2058.0;0.13399261;0.078034885;0.25351125
2059.0;0.13638958;0.079581715;0.25826666
2060.0;0.13878657;0.081128545;0.26302207
2061.0;0.14116462;0.08236091;0.26813382
2062.0;0.14354266;0.08359328;0.2732456
2063.0;0.14592071;0.084825635;0.2783574
2064.0;0.14829877;0.086058;0.28346917
2065.0;0.1506768;0.08729036;0.28858092
2066.0;0.15305483;0.08852272;0.29369268
2067.0;0.1554329;0.089755096;0.29880446
2068.0;0.15781094;0.09098745;0.30391625
2069.0;0.16018897;0.09221981;0.30902803
2070.0;0.16256703;0.09345218;0.3141398
2071.0;0.16444227;0.094215944;0.31897452
2072.0;0.16631755;0.09497971;0.3238093
2073.0;0.16819277;0.095743485;0.32864404
2074.0;0.17006806;0.09650725;0.33347875
2075.0;0.17194329;0.09727102;0.33831352
2076.0;0.17381854;0.09803479;0.34314826
2077.0;0.17569378;0.09879855;0.34798297
2078.0;0.17756906;0.099562325;0.35281774
2079.0;0.1794443;0.1003261;0.3576525
2080.0;0.18131955;0.10108986;0.36248723
2081.0;0.18360025;0.1023375;0.36793718
2082.0;0.18588099;0.103585154;0.3733871
2083.0;0.18816169;0.10483279;0.37883705
2084.0;0.1904424;0.10608044;0.384287
2085.0;0.19272311;0.10732809;0.3897369
2086.0;0.19500381;0.10857573;0.39518684
2087.0;0.19728452;0.109823376;0.4006368
2088.0;0.19956525;0.11107102;0.4060867
2089.0;0.20184594;0.112318665;0.41153663
2090.0;0.20412666;0.11356632;0.41698658
2091.0;0.20639914;0.113653906;0.42317447
2092.0;0.20867164;0.11374151;0.42936242
2093.0;0.21094412;0.1138291;0.43555033
2094.0;0.21321663;0.1139167;0.44173828
2095.0;0.2154891;0.1140043;0.44792613
2096.0;0.21776159;0.11409189;0.45411408
2097.0;0.22003411;0.11417949;0.460302
2098.0;0.22230658;0.11426709;0.46648994
2099.0;0.22457907;0.114354685;0.47267783
2100.0;0.22685157;0.114442274;0.47886574
