1994.0;-0.024219768
1995.0;-0.020068321
1996.0;-0.025329342
1997.0;-0.001334732
1998.0;0.018299744
1999.0;-0.0050767204
2000.0;-0.004751107
2001.0;-0.012830271
2002.0;-0.010078653
2003.0;0.0075524803
2004.0;0.026107833
2005.0;0.011712763
2006.0;0.0067774495
2007.0;-0.0059540397
2008.0;0.016452849
2009.0;0.0035624972
2010.0;0.04048319
2011.0;0.043700438
2012.0;0.0235941
2013.0;0.0030611495
2014.0;0.030118829
2015.0;0.039351627
2016.0;0.041381713
2017.0;0.045089543
2018.0;0.04219554
2019.0;0.0538983
2020.0;0.07211281
