2020.0;0.0510325;0.024878481;0.07700679
2021.0;0.054019473;0.02728748;0.08110543
2022.0;0.057006456;0.029696476;0.08520409
2023.0;0.05999343;0.032105472;0.08930273
2024.0;0.06298041;0.034514472;0.09340138
2025.0;0.06596738;0.036923468;0.097500026
2026.0;0.06895436;0.039332464;0.10159867
2027.0;0.071941346;0.041741464;0.10569731
2028.0;0.07492832;0.044150464;0.109795965
2029.0;0.07791529;0.04655946;0.113894604
2030.0;0.08090228;0.048968457;0.11799326
2031.0;0.08508637;0.05163777;0.12439652
2032.0;0.08927047;0.054307085;0.13079979
2033.0;0.09345456;0.0569764;0.13720304
2034.0;0.09763866;0.059645712;0.14360632
2035.0;0.101822756;0.062315024;0.15000957
2036.0;0.10600685;0.06498434;0.15641282
2037.0;0.11019095;0.06765365;0.1628161
2038.0;0.11437505;0.07032297;0.16921936
2039.0;0.118559144;0.07299228;0.17562261
2040.0;0.122743234;0.07566159;0.18202588
2041.0;0.1286027;0.08003693;0.19010729
2042.0;0.13446216;0.08441228;0.1981887
2043.0;0.14032163;0.08878763;0.20627011
2044.0;0.14618109;0.09316297;0.21435152
2045.0;0.15204054;0.097538315;0.22243293
2046.0;0.1579;0.10191366;0.23051433
2047.0;0.16375947;0.106289;0.23859574
2048.0;0.16961895;0.110664345;0.24667716
2049.0;0.1754784;0.11503969;0.25475857
2050.0;0.18133786;0.11941503;0.26283997
2051.0;0.18875244;0.124950394;0.27248663
2052.0;0.19616702;0.13048576;0.2821333
2053.0;0.2035816;0.13602114;0.29177994
2054.0;0.21099618;0.14155649;0.30142662
2055.0;0.21841075;0.14709185;0.31107324
2056.0;0.22582534;0.15262723;0.3207199
2057.0;0.2332399;0.15816258;0.33036658
2058.0;0.24065448;0.16369796;0.34001324
2059.0;0.24806906;0.16923332;0.3496599
2060.0;0.25548366;0.17476867;0.35930654
2061.0;0.26440197;0.18142296;0.3708731
2062.0;0.27332035;0.18807726;0.38243967
2063.0;0.2822387;0.19473153;0.39400622
2064.0;0.29115704;0.20138584;0.40557274
2065.0;0.30007538;0.20804012;0.41713932
2066.0;0.30899373;0.2146944;0.42870587
2067.0;0.31791204;0.22134869;0.4402724
2068.0;0.3268304;0.22800298;0.45183897
2069.0;0.33574876;0.23465726;0.46340552
2070.0;0.34466708;0.24131155;0.47497207
2071.0;0.3565623;0.25120908;0.48839572
2072.0;0.36845747;0.26110664;0.50181943
2073.0;0.38035268;0.2710042;0.5152431
2074.0;0.39224786;0.28090173;0.52866673
2075.0;0.404143;0.2907993;0.5420905
2076.0;0.41603822;0.30069685;0.5555141
2077.0;0.42793342;0.31059438;0.5689378
2078.0;0.43982857;0.3204919;0.58236146
2079.0;0.45172375;0.33038947;0.5957851
2080.0;0.46361896;0.34028703;0.6092088
2081.0;0.4798533;0.354149;0.6250664
2082.0;0.4960877;0.36801103;0.6409241
2083.0;0.51232207;0.38187304;0.65678173
2084.0;0.52855647;0.39573506;0.6726394
2085.0;0.54479074;0.40959704;0.68849707
2086.0;0.56102514;0.42345905;0.7043547
2087.0;0.57725954;0.43732104;0.72021234
2088.0;0.5934939;0.45118305;0.7360699
2089.0;0.6097283;0.46504503;0.7519276
2090.0;0.6259627;0.47890705;0.76778525
2091.0;0.64387393;0.4920349;0.7876731
2092.0;0.66178507;0.50516284;0.80756104
2093.0;0.6796963;0.5182907;0.8274489
2094.0;0.6976076;0.53141856;0.84733677
2095.0;0.7155188;0.5445465;0.86722463
2096.0;0.73343;0.55767435;0.88711256
2097.0;0.7513413;0.5708023;0.90700036
2098.0;0.7692525;0.5839302;0.9268883
2099.0;0.78716373;0.597058;0.94677615
2100.0;0.805075;0.6101859;0.966664
2101.0;0.8259768;0.62154907;0.9937046
2102.0;0.8468785;0.6329123;1.0207453
2103.0;0.8677804;0.6442755;1.0477859
2104.0;0.8886821;0.6556387;1.0748264
2105.0;0.9095839;0.66700184;1.1018671
2106.0;0.9304857;0.67836505;1.1289077
2107.0;0.9513875;0.68972826;1.1559483
2108.0;0.9722893;0.7010914;1.1829889
2109.0;0.99319106;0.7124547;1.2100294
2110.0;1.0140928;0.7238178;1.2370701
2111.0;1.0316887;0.7343049;1.2740737
2112.0;1.0492846;0.7447921;1.3110774
2113.0;1.0668805;0.75527924;1.3480811
2114.0;1.0844764;0.7657664;1.3850847
2115.0;1.1020721;0.7762535;1.4220884
2116.0;1.1196681;0.7867406;1.459092
2117.0;1.1372639;0.7972278;1.4960957
2118.0;1.1548598;0.8077149;1.5330994
2119.0;1.1724557;0.818202;1.5701032
2120.0;1.1900516;0.8286892;1.6071068
2121.0;1.2057709;0.83862674;1.6571367
2122.0;1.2214901;0.8485643;1.7071668
2123.0;1.2372094;0.858502;1.7571968
2124.0;1.2529289;0.86843956;1.8072267
2125.0;1.2686481;0.8783771;1.8572567
2126.0;1.2843674;0.8883147;1.9072866
2127.0;1.3000867;0.89825225;1.9573166
2128.0;1.315806;0.9081899;2.0073466
2129.0;1.3315254;0.9181274;2.0573764
2130.0;1.3472447;0.928065;2.1074064
2131.0;1.362314;0.93717253;2.169739
2132.0;1.3773832;0.9462801;2.2320716
2133.0;1.3924524;0.9553877;2.294404
2134.0;1.4075216;0.96449524;2.3567367
2135.0;1.4225909;0.9736028;2.4190688
2136.0;1.4376599;0.9827103;2.4814014
2137.0;1.4527291;0.9918179;2.5437338
2138.0;1.4677985;1.0009254;2.6060665
2139.0;1.4828676;1.010033;2.6683989
2140.0;1.4979367;1.0191406;2.7307315
2141.0;1.5127184;1.0274651;2.805536
2142.0;1.5275002;1.0357896;2.880341
2143.0;1.5422816;1.044114;2.9551458
2144.0;1.5570633;1.0524386;3.0299506
2145.0;1.5718449;1.0607631;3.1047554
2146.0;1.5866268;1.0690876;3.17956
2147.0;1.6014082;1.0774121;3.254365
2148.0;1.61619;1.0857365;3.3291698
2149.0;1.6309716;1.0940611;3.4039745
2150.0;1.6457531;1.1023856;3.4787793
