2020.0;0.08947238;0.061610065;0.11817824
2021.0;0.095089994;0.066177696;0.12542559
2022.0;0.10070763;0.07074533;0.13267294
2023.0;0.10632525;0.07531296;0.1399203
2024.0;0.11194287;0.07988059;0.14716765
2025.0;0.11756049;0.08444821;0.15441501
2026.0;0.12317812;0.08901584;0.16166236
2027.0;0.12879574;0.093583465;0.16890971
2028.0;0.13441336;0.09815111;0.17615706
2029.0;0.14003098;0.10271873;0.1834044
2030.0;0.1456486;0.107286364;0.19065176
2031.0;0.15208071;0.1122892;0.19934155
2032.0;0.15851285;0.11729205;0.20803137
2033.0;0.16494498;0.12229487;0.21672118
2034.0;0.1713771;0.12729773;0.22541098
2035.0;0.17780921;0.13230057;0.23410077
2036.0;0.18424134;0.13730341;0.2427906
2037.0;0.19067344;0.14230624;0.25148037
2038.0;0.19710556;0.14730908;0.26017016
2039.0;0.20353769;0.15231192;0.26885995
2040.0;0.2099698;0.15731476;0.27754977
2041.0;0.21834113;0.16388142;0.28884333
2042.0;0.22671247;0.1704481;0.3001369
2043.0;0.2350838;0.17701477;0.31143048
2044.0;0.24345511;0.18358143;0.32272407
2045.0;0.25182644;0.1901481;0.3340176
2046.0;0.26019776;0.19671477;0.3453112
2047.0;0.26856908;0.20328143;0.35660473
2048.0;0.27694044;0.2098481;0.36789832
2049.0;0.28531173;0.21641476;0.37919188
2050.0;0.29368308;0.22298142;0.39048544
2051.0;0.3043363;0.23098847;0.40399092
2052.0;0.3149895;0.2389955;0.41749647
2053.0;0.32564276;0.24700256;0.431002
2054.0;0.33629596;0.25500962;0.4445075
2055.0;0.3469492;0.26301664;0.458013
2056.0;0.35760242;0.2710237;0.4715185
2057.0;0.36825562;0.27903074;0.48502398
2058.0;0.37890884;0.2870378;0.49852952
2059.0;0.38956207;0.2950448;0.512035
2060.0;0.4002153;0.30305186;0.52554053
2061.0;0.41340566;0.31300083;0.54098856
2062.0;0.42659608;0.32294986;0.5564367
2063.0;0.43978643;0.33289886;0.57188475
2064.0;0.45297688;0.34284785;0.5873329
2065.0;0.46616724;0.35279685;0.6027809
2066.0;0.4793576;0.36274585;0.61822903
2067.0;0.49254802;0.37269485;0.63367707
2068.0;0.5057384;0.38264385;0.6491251
2069.0;0.51892877;0.39259288;0.66457325
2070.0;0.53211915;0.40254185;0.6800213
2071.0;0.5478459;0.4157883;0.69761425
2072.0;0.5635726;0.4290348;0.7152073
2073.0;0.57929933;0.44228125;0.7328003
2074.0;0.595026;0.45552772;0.75039333
2075.0;0.61075276;0.46877417;0.76798624
2076.0;0.6264795;0.48202065;0.7855792
2077.0;0.6422062;0.49526715;0.80317223
2078.0;0.65793294;0.50851357;0.82076526
2079.0;0.6736596;0.52176005;0.8383582
2080.0;0.68938637;0.5350065;0.85595125
2081.0;0.71018076;0.55307704;0.8761498
2082.0;0.7309753;0.57114756;0.8963484
2083.0;0.7517698;0.5892181;0.916547
2084.0;0.77256423;0.6072886;0.9367456
2085.0;0.7933586;0.6253591;0.9569442
2086.0;0.81415313;0.64342964;0.9771428
2087.0;0.83494765;0.6615001;0.99734133
2088.0;0.85574204;0.6795706;1.01754
2089.0;0.87653655;0.6976412;1.0377386
2090.0;0.897331;0.71571165;1.0579371
2091.0;0.92207414;0.7347644;1.0832728
2092.0;0.9468174;0.75381714;1.1086086
2093.0;0.97156054;0.77286994;1.1339444
2094.0;0.99630374;0.79192275;1.1592802
2095.0;1.0210469;0.81097543;1.1846159
2096.0;1.0457901;0.8300282;1.2099516
2097.0;1.0705333;0.84908086;1.2352873
2098.0;1.0952764;0.86813366;1.2606231
2099.0;1.1200197;0.88718635;1.2859588
2100.0;1.1447629;0.90623915;1.3112946
2101.0;1.170163;0.9230597;1.3436104
2102.0;1.1955632;0.93988043;1.3759264
2103.0;1.2209636;0.95670104;1.4082422
2104.0;1.2463638;0.9735217;1.4405582
2105.0;1.271764;0.99034226;1.472874
2106.0;1.2971643;1.0071629;1.5051899
2107.0;1.3225646;1.0239836;1.5375059
2108.0;1.3479648;1.0408041;1.5698218
2109.0;1.373365;1.0576247;1.6021376
2110.0;1.3987652;1.0744455;1.6344535
2111.0;1.4219636;1.0889585;1.6778752
2112.0;1.445162;1.1034715;1.7212969
2113.0;1.4683605;1.1179847;1.7647185
2114.0;1.491559;1.1324977;1.8081402
2115.0;1.5147573;1.1470107;1.8515618
2116.0;1.5379558;1.1615237;1.8949835
2117.0;1.5611542;1.1760367;1.9384052
2118.0;1.5843526;1.1905499;1.9818269
2119.0;1.6075511;1.2050629;2.0252485
2120.0;1.6307495;1.2195759;2.0686703
2121.0;1.6515768;1.2334042;2.1253386
2122.0;1.672404;1.2472324;2.1820073
2123.0;1.6932312;1.2610607;2.2386758
2124.0;1.7140586;1.274889;2.2953444
2125.0;1.7348857;1.2887173;2.3520126
2126.0;1.7557129;1.3025455;2.4086814
2127.0;1.7765402;1.3163738;2.46535
2128.0;1.7973676;1.330202;2.5220187
2129.0;1.8181947;1.3440303;2.578687
2130.0;1.8390219;1.3578585;2.6353555
2131.0;1.858787;1.3707088;2.704545
2132.0;1.878552;1.3835592;2.7737346
2133.0;1.8983169;1.3964095;2.842924
2134.0;1.918082;1.4092599;2.9121137
2135.0;1.9378469;1.4221101;2.9813032
2136.0;1.9576119;1.4349605;3.0504928
2137.0;1.9773769;1.4478108;3.119682
2138.0;1.9971418;1.4606612;3.1888716
2139.0;2.016907;1.4735115;3.2580612
2140.0;2.0366719;1.4863619;3.3272507
2141.0;2.05622;1.4980556;3.4098566
2142.0;2.075768;1.5097494;3.492462
2143.0;2.0953162;1.5214431;3.5750675
2144.0;2.1148643;1.533137;3.6576734
2145.0;2.134412;1.5448306;3.7402787
2146.0;2.1539605;1.5565244;3.8228848
2147.0;2.1735084;1.5682181;3.9054902
2148.0;2.1930563;1.5799118;3.988096
2149.0;2.2126045;1.5916057;4.0707016
2150.0;2.2321527;1.6032994;4.153307
