2020.0;0.07986145;0.05463262;0.105711274
2021.0;0.08398848;0.058519084;0.110453516
2022.0;0.08811551;0.062405556;0.11519577
2023.0;0.092242554;0.066292025;0.119938
2024.0;0.09636958;0.070178494;0.12468025
2025.0;0.10049661;0.074064955;0.12942249
2026.0;0.10462365;0.07795143;0.13416474
2027.0;0.10875068;0.08183789;0.13890699
2028.0;0.11287771;0.08572437;0.14364924
2029.0;0.11700474;0.08961083;0.14839149
2030.0;0.12113178;0.0934973;0.15313372
2031.0;0.12476549;0.09658414;0.157218
2032.0;0.12839924;0.099671;0.16130227
2033.0;0.13203296;0.10275783;0.16538654
2034.0;0.13566668;0.105844684;0.16947082
2035.0;0.1393004;0.10893153;0.17355509
2036.0;0.14293411;0.11201837;0.17763937
2037.0;0.14656785;0.11510521;0.18172364
2038.0;0.15020157;0.11819206;0.1858079
2039.0;0.1538353;0.121278904;0.18989217
2040.0;0.15746902;0.124365754;0.19397645
2041.0;0.16060744;0.12725501;0.19776282
2042.0;0.16374585;0.13014427;0.20154919
2043.0;0.16688427;0.13303351;0.20533557
2044.0;0.1700227;0.13592277;0.20912194
2045.0;0.1731611;0.13881202;0.21290831
2046.0;0.17629951;0.1417013;0.21669467
2047.0;0.17943792;0.14459053;0.22048105
2048.0;0.18257636;0.1474798;0.22426744
2049.0;0.18571477;0.15036905;0.22805381
2050.0;0.18885317;0.1532583;0.23184018
2051.0;0.19229907;0.15597469;0.23611304
2052.0;0.19574495;0.15869106;0.2403859
2053.0;0.19919083;0.16140746;0.24465875
2054.0;0.20263672;0.16412383;0.24893163
2055.0;0.2060826;0.16684023;0.2532045
2056.0;0.20952848;0.1695566;0.25747734
2057.0;0.21297437;0.172273;0.26175022
2058.0;0.21642025;0.17498937;0.26602307
2059.0;0.21986613;0.17770576;0.27029592
2060.0;0.223312;0.18042216;0.2745688
2061.0;0.22683771;0.18343648;0.2786942
2062.0;0.23036341;0.18645084;0.28281963
2063.0;0.23388912;0.18946517;0.28694507
2064.0;0.23741482;0.1924795;0.2910705
2065.0;0.24094053;0.19549383;0.29519594
2066.0;0.24446622;0.19850817;0.29932138
2067.0;0.24799193;0.2015225;0.30344677
2068.0;0.25151762;0.20453686;0.30757225
2069.0;0.25504333;0.20755118;0.31169766
2070.0;0.25856903;0.21056552;0.31582308
2071.0;0.26192826;0.21371968;0.31980193
2072.0;0.26528752;0.21687388;0.3237808
2073.0;0.26864672;0.22002804;0.32775965
2074.0;0.27200595;0.22318223;0.33173853
2075.0;0.27536517;0.2263364;0.33571735
2076.0;0.27872443;0.22949061;0.3396962
2077.0;0.28208366;0.23264478;0.34367505
2078.0;0.28544286;0.23579894;0.3476539
2079.0;0.2888021;0.23895313;0.35163274
2080.0;0.29216135;0.2421073;0.3556116
2081.0;0.29552317;0.2453202;0.35945043
2082.0;0.29888502;0.24853314;0.36328924
2083.0;0.30224687;0.25174606;0.36712804
2084.0;0.3056087;0.254959;0.37096688
2085.0;0.3089705;0.25817192;0.3748057
2086.0;0.31233233;0.26138481;0.37864453
2087.0;0.31569418;0.26459774;0.38248333
2088.0;0.31905603;0.26781067;0.38632214
2089.0;0.32241786;0.2710236;0.39016095
2090.0;0.3257797;0.2742365;0.3939998
2091.0;0.32885304;0.27438638;0.39978874
2092.0;0.3319264;0.27453625;0.40557766
2093.0;0.33499974;0.27468616;0.4113666
2094.0;0.33807307;0.27483603;0.41715556
2095.0;0.3411464;0.2749859;0.42294452
2096.0;0.34421977;0.27513576;0.42873347
2097.0;0.3472931;0.27528563;0.4345224
2098.0;0.35036647;0.2754355;0.44031134
2099.0;0.3534398;0.27558538;0.4461003
2100.0;0.35651317;0.27573526;0.45188922
