2020.0;0.092762224;0.066076174;0.12384302
2021.0;0.10073322;0.07091786;0.13536704
2022.0;0.108704224;0.07575957;0.14689106
2023.0;0.116675235;0.08060126;0.15841503
2024.0;0.124646224;0.08544296;0.16993906
2025.0;0.13261722;0.09028465;0.18146306
2026.0;0.14058822;0.095126346;0.19298705
2027.0;0.14855923;0.09996804;0.20451108
2028.0;0.15653023;0.10480974;0.21603508
2029.0;0.16450123;0.10965143;0.2275591
2030.0;0.17247222;0.114493124;0.2390831
2031.0;0.18372008;0.12132037;0.2559182
2032.0;0.19496793;0.12814762;0.27275333
2033.0;0.20621578;0.13497485;0.28958845
2034.0;0.21746366;0.14180209;0.30642357
2035.0;0.22871149;0.14862935;0.32325867
2036.0;0.23995934;0.15545659;0.34009382
2037.0;0.25120717;0.16228382;0.35692888
2038.0;0.26245505;0.16911107;0.37376404
2039.0;0.2737029;0.17593831;0.39059916
2040.0;0.28495073;0.18276556;0.40743425
2041.0;0.3023914;0.19572107;0.43118817
2042.0;0.31983212;0.2086766;0.45494214
2043.0;0.33727276;0.22163211;0.47869605
2044.0;0.3547135;0.23458764;0.50245
2045.0;0.37215415;0.24754316;0.52620393
2046.0;0.38959482;0.2604987;0.5499579
2047.0;0.4070355;0.2734542;0.5737118
2048.0;0.4244762;0.2864097;0.5974657
2049.0;0.44191688;0.2993652;0.6212196
2050.0;0.45935753;0.31232074;0.6449736
2051.0;0.4865465;0.33315834;0.6754391
2052.0;0.5137355;0.353996;0.7059048
2053.0;0.5409244;0.3748336;0.7363704
2054.0;0.56811327;0.39567128;0.7668359
2055.0;0.5953022;0.41650888;0.7973015
2056.0;0.62249124;0.4373465;0.8277671
2057.0;0.64968014;0.45818415;0.8582326
2058.0;0.6768691;0.47902176;0.88869816
2059.0;0.70405805;0.4998594;0.91916376
2060.0;0.73124695;0.520697;0.9496293
2061.0;0.76640093;0.5483787;0.9847944
2062.0;0.8015549;0.57606035;1.0199594
2063.0;0.83670896;0.60374206;1.0551245
2064.0;0.871863;0.6314237;1.0902896
2065.0;0.907017;0.6591054;1.1254545
2066.0;0.94217104;0.6867871;1.1606196
2067.0;0.97732496;0.7144688;1.1957847
2068.0;1.012479;0.7421504;1.2309498
2069.0;1.0476329;0.7698321;1.2661147
2070.0;1.082787;0.7975138;1.3012798
2071.0;1.1234965;0.8367673;1.3399707
2072.0;1.1642064;0.87602085;1.3786618
2073.0;1.204916;0.91527444;1.4173528
2074.0;1.2456257;0.954528;1.4560438
2075.0;1.2863355;0.9937815;1.4947349
2076.0;1.3270451;1.033035;1.5334258
2077.0;1.3677547;1.0722886;1.5721169
2078.0;1.4084644;1.1115421;1.6108079
2079.0;1.449174;1.1507956;1.6494989
2080.0;1.4898838;1.1900492;1.6881899
2081.0;1.5342488;1.2384284;1.7291821
2082.0;1.5786139;1.2868077;1.7701744
2083.0;1.6229788;1.3351867;1.8111668
2084.0;1.6673437;1.3835661;1.8521589
2085.0;1.7117088;1.4319453;1.8931512
2086.0;1.7560738;1.4803245;1.9341434
2087.0;1.8004388;1.5287036;1.9751357
2088.0;1.8448037;1.577083;2.016128
2089.0;1.8891689;1.6254622;2.0571203
2090.0;1.9335338;1.6738414;2.0981126
2091.0;1.9807028;1.7258334;2.14411
2092.0;2.0278718;1.7778257;2.1901073
2093.0;2.0750408;1.8298177;2.2361047
2094.0;2.12221;1.8818098;2.2821023
2095.0;2.169379;1.9338019;2.3280997
2096.0;2.216548;1.9857941;2.374097
2097.0;2.2637167;2.0377862;2.4200945
2098.0;2.3108857;2.0897784;2.466092
2099.0;2.3580549;2.1417704;2.5120893
2100.0;2.4052238;2.1937625;2.5580869
