2020.0;0.09194165;0.060169876;0.12118683
2021.0;0.098606735;0.06483087;0.13132045
2022.0;0.10527183;0.069491886;0.14145409
2023.0;0.11193691;0.07415288;0.15158771
2024.0;0.11860201;0.07881389;0.16172135
2025.0;0.12526709;0.08347488;0.17185496
2026.0;0.13193217;0.08813589;0.1819886
2027.0;0.13859726;0.09279689;0.19212222
2028.0;0.14526236;0.097457886;0.20225585
2029.0;0.15192744;0.10211889;0.21238947
2030.0;0.15859252;0.10677989;0.22252311
2031.0;0.16724308;0.11301719;0.23516802
2032.0;0.17589363;0.119254485;0.24781296
2033.0;0.18454419;0.1254918;0.26045787
2034.0;0.19319473;0.1317291;0.27310285
2035.0;0.20184527;0.1379664;0.28574774
2036.0;0.21049583;0.1442037;0.2983927
2037.0;0.21914637;0.15044099;0.31103763
2038.0;0.22779694;0.15667829;0.32368255
2039.0;0.23644748;0.16291559;0.3363275
2040.0;0.24509804;0.16915289;0.3489724
2041.0;0.25833493;0.17913276;0.36660087
2042.0;0.27157184;0.18911263;0.3842293
2043.0;0.28480875;0.19909252;0.40185773
2044.0;0.29804567;0.2090724;0.4194862
2045.0;0.31128258;0.21905227;0.43711463
2046.0;0.32451946;0.22903216;0.4547431
2047.0;0.33775637;0.23901202;0.47237152
2048.0;0.35099325;0.2489919;0.48999995
2049.0;0.36423016;0.25897178;0.5076284
2050.0;0.37746707;0.26895165;0.5252568
2051.0;0.39601767;0.28272602;0.54748774
2052.0;0.41456825;0.29650038;0.5697187
2053.0;0.43311885;0.31027475;0.5919496
2054.0;0.45166942;0.32404914;0.61418056
2055.0;0.47021997;0.33782348;0.6364115
2056.0;0.48877057;0.35159785;0.6586424
2057.0;0.5073212;0.36537218;0.6808733
2058.0;0.5258717;0.3791466;0.70310426
2059.0;0.5444223;0.39292094;0.7253351
2060.0;0.5629729;0.4066953;0.7475661
2061.0;0.5878042;0.4234426;0.773862
2062.0;0.6126355;0.44018996;0.800158
2063.0;0.6374668;0.45693725;0.8264539
2064.0;0.6622981;0.4736846;0.8527499
2065.0;0.6871294;0.4904319;0.8790458
2066.0;0.7119607;0.50717926;0.90534174
2067.0;0.73679197;0.52392656;0.9316377
2068.0;0.76162326;0.5406739;0.9579336
2069.0;0.7864547;0.5574212;0.9842296
2070.0;0.811286;0.5741685;1.0105255
2071.0;0.84072024;0.5951327;1.0393945
2072.0;0.87015456;0.61609685;1.0682635
2073.0;0.8995888;0.6370611;1.0971326
2074.0;0.9290231;0.65802526;1.1260017
2075.0;0.9584574;0.67898947;1.1548706
2076.0;0.98789173;0.6999536;1.1837398
2077.0;1.0173259;0.72091776;1.2126087
2078.0;1.0467602;0.74188197;1.2414777
2079.0;1.0761944;0.7628462;1.2703468
2080.0;1.1056287;0.7838104;1.2992158
2081.0;1.1376395;0.8109794;1.3292922
2082.0;1.1696504;0.83814853;1.3593689
2083.0;1.2016611;0.86531764;1.3894453
2084.0;1.2336719;0.8924867;1.4195218
2085.0;1.2656826;0.91965574;1.4495983
2086.0;1.2976934;0.94682497;1.4796748
2087.0;1.329704;0.97399396;1.5097512
2088.0;1.361715;1.0011631;1.5398277
2089.0;1.3937256;1.0283321;1.5699042
2090.0;1.4257364;1.0555012;1.5999807
2091.0;1.4587022;1.0833815;1.6316245
2092.0;1.4916681;1.1112622;1.6632686
2093.0;1.5246338;1.1391426;1.6949123
2094.0;1.5575997;1.1670232;1.7265564
2095.0;1.5905653;1.1949036;1.7582002
2096.0;1.6235311;1.222784;1.7898443
2097.0;1.6564969;1.2506646;1.8214881
2098.0;1.6894627;1.2785449;1.853132
2099.0;1.7224284;1.3064255;1.8847759
2100.0;1.7553942;1.3343059;1.9164197
2101.0;1.7849232;1.3585713;1.9567698
2102.0;1.8144524;1.3828369;1.9971199
2103.0;1.8439815;1.4071023;2.0374699
2104.0;1.8735106;1.4313679;2.0778198
2105.0;1.9030396;1.4556333;2.11817
2106.0;1.9325688;1.4798988;2.15852
2107.0;1.9620978;1.5041642;2.19887
2108.0;1.991627;1.5284299;2.2392197
2109.0;2.0211558;1.5526952;2.27957
2110.0;2.0506852;1.5769607;2.3199198
2111.0;2.0766547;1.5964819;2.3656337
2112.0;2.1026247;1.6160034;2.4113476
2113.0;2.1285946;1.6355246;2.4570615
2114.0;2.1545644;1.6550461;2.5027754
2115.0;2.1805341;1.6745673;2.5484893
2116.0;2.206504;1.6940886;2.5942032
2117.0;2.232474;1.71361;2.639917
2118.0;2.2584438;1.7331313;2.6856308
2119.0;2.2844138;1.7526529;2.7313447
2120.0;2.3103836;1.7721741;2.7770586
2121.0;2.3345234;1.7897137;2.8247838
2122.0;2.3586633;1.8072534;2.8725085
2123.0;2.382803;1.824793;2.9202335
2124.0;2.406943;1.8423326;2.9679585
2125.0;2.4310827;1.8598723;3.0156834
2126.0;2.4552226;1.8774118;3.0634081
2127.0;2.4793622;1.8949516;3.1111333
2128.0;2.5035024;1.9124912;3.158858
2129.0;2.527642;1.9300307;3.206583
2130.0;2.551782;1.9475704;3.2543082
2131.0;2.573729;1.9624169;3.3008366
2132.0;2.5956762;1.9772633;3.3473651
2133.0;2.617623;1.9921098;3.393894
2134.0;2.6395702;2.0069563;3.4404225
2135.0;2.6615174;2.0218024;3.486951
2136.0;2.6834643;2.036649;3.5334797
2137.0;2.7054114;2.0514953;3.5800083
2138.0;2.7273586;2.0663419;3.6265368
2139.0;2.7493057;2.0811882;3.6730654
2140.0;2.7712526;2.0960348;3.719594
2141.0;2.7920578;2.1080801;3.7668736
2142.0;2.812863;2.1201258;3.8141532
2143.0;2.833668;2.1321714;3.8614326
2144.0;2.854473;2.1442168;3.9087124
2145.0;2.8752782;2.1562622;3.9559917
2146.0;2.8960836;2.1683078;4.003271
2147.0;2.9168887;2.1803534;4.050551
2148.0;2.9376936;2.192399;4.0978303
2149.0;2.9584987;2.2044444;4.1451097
2150.0;2.9793038;2.21649;4.192389
