2020.0;0.08357983;0.05654952;0.11243432
2021.0;0.08823443;0.060222376;0.11818398
2022.0;0.09288904;0.06389524;0.12393362
2023.0;0.097543634;0.0675681;0.12968329
2024.0;0.102198236;0.07124097;0.13543294
2025.0;0.10685283;0.074913815;0.14118259
2026.0;0.11150743;0.07858668;0.14693223
2027.0;0.116162024;0.08225954;0.15268189
2028.0;0.120816626;0.085932404;0.15843154
2029.0;0.12547122;0.089605264;0.1641812
2030.0;0.13012582;0.093278125;0.16993085
2031.0;0.13537127;0.09739871;0.17642237
2032.0;0.1406167;0.10151931;0.18291391
2033.0;0.14586213;0.105639905;0.18940543
2034.0;0.15110758;0.1097605;0.19589697
2035.0;0.15635301;0.11388109;0.2023885
2036.0;0.16159844;0.11800168;0.20888002
2037.0;0.16684389;0.12212227;0.21537155
2038.0;0.17208932;0.12624286;0.22186306
2039.0;0.17733476;0.13036346;0.2283546
2040.0;0.1825802;0.13448405;0.23484613
2041.0;0.18840304;0.13895881;0.2419866
2042.0;0.19422592;0.1434336;0.2491271
2043.0;0.20004877;0.14790836;0.25626758
2044.0;0.20587164;0.15238312;0.2634081
2045.0;0.2116945;0.15685788;0.27054852
2046.0;0.21751733;0.16133265;0.27768904
2047.0;0.2233402;0.16580743;0.2848295
2048.0;0.22916305;0.17028219;0.29196998
2049.0;0.2349859;0.17475696;0.29911047
2050.0;0.24080876;0.17923172;0.30625096
2051.0;0.24699919;0.18422636;0.313709
2052.0;0.25318965;0.18922101;0.321167
2053.0;0.25938007;0.19421564;0.328625
2054.0;0.26557052;0.1992103;0.33608302
2055.0;0.27176097;0.20420493;0.34354106
2056.0;0.27795142;0.20919955;0.3509991
2057.0;0.28414184;0.2141942;0.3584571
2058.0;0.2903323;0.21918884;0.3659151
2059.0;0.2965227;0.22418347;0.37337312
2060.0;0.30271316;0.22917812;0.38083115
2061.0;0.3091121;0.2345818;0.38857424
2062.0;0.31551108;0.23998553;0.3963174
2063.0;0.32191002;0.24538922;0.40406048
2064.0;0.32830897;0.25079292;0.41180366
2065.0;0.33470792;0.2561966;0.41954675
2066.0;0.34110686;0.26160032;0.42728984
2067.0;0.3475058;0.26700398;0.43503302
2068.0;0.35390478;0.27240768;0.4427761
2069.0;0.3603037;0.2778114;0.45051926
2070.0;0.36670268;0.28321508;0.45826235
2071.0;0.37359935;0.28918824;0.46655446
2072.0;0.38049608;0.29516137;0.47484657
2073.0;0.3873928;0.30113453;0.48313868
2074.0;0.3942895;0.30710766;0.4914308
2075.0;0.40118623;0.31308082;0.49972284
2076.0;0.4080829;0.31905395;0.508015
2077.0;0.4149796;0.3250271;0.51630706
2078.0;0.42187634;0.33100024;0.52459913
2079.0;0.42877305;0.3369734;0.5328912
2080.0;0.43566975;0.34294653;0.54118335
2081.0;0.44284397;0.34922975;0.5498418
2082.0;0.45001826;0.355513;0.5585003
2083.0;0.45719248;0.3617962;0.56715876
2084.0;0.46436673;0.3680794;0.5758173
2085.0;0.47154096;0.37436262;0.5844757
2086.0;0.4787152;0.38064584;0.59313416
2087.0;0.48588943;0.38692906;0.6017927
2088.0;0.4930637;0.3932123;0.6104511
2089.0;0.50023794;0.39949548;0.61910963
2090.0;0.5074122;0.4057787;0.62776804
2091.0;0.5155637;0.41191742;0.6380734
2092.0;0.5237154;0.4180562;0.6483786
2093.0;0.53186697;0.42419487;0.65868384
2094.0;0.5400186;0.4303336;0.6689891
2095.0;0.54817015;0.43647236;0.67929435
2096.0;0.5563218;0.4426111;0.68959963
2097.0;0.5644734;0.44874978;0.6999049
2098.0;0.572625;0.45488852;0.71021014
2099.0;0.58077663;0.46102726;0.7205154
2100.0;0.5889282;0.46716598;0.73082066
2101.0;0.5964851;0.47316864;0.74018174
2102.0;0.604042;0.47917134;0.7495429
2103.0;0.6115989;0.48517394;0.758904
2104.0;0.6191558;0.49117664;0.7682651
2105.0;0.6267127;0.49717933;0.7776262
2106.0;0.6342696;0.50318193;0.7869873
2107.0;0.6418265;0.50918466;0.79634845
2108.0;0.6493834;0.5151873;0.80570954
2109.0;0.6569403;0.5211899;0.8150707
2110.0;0.6644972;0.52719265;0.8244318
2111.0;0.67221916;0.53318495;0.8342454
2112.0;0.6799412;0.53917736;0.84405893
2113.0;0.68766314;0.54516965;0.85387254
2114.0;0.69538516;0.551162;0.86368614
2115.0;0.70310706;0.55715436;0.8734997
2116.0;0.710829;0.5631467;0.88331324
2117.0;0.71855104;0.56913906;0.89312685
2118.0;0.72627294;0.5751314;0.9029405
2119.0;0.733995;0.58112377;0.912754
2120.0;0.7417169;0.58711606;0.9225676
2121.0;0.7496308;0.59290284;0.93273604
2122.0;0.7575447;0.59868956;0.9429045
2123.0;0.7654585;0.60447633;0.9530728
2124.0;0.7733724;0.61026305;0.9632413
2125.0;0.78128624;0.61604977;0.97340965
2126.0;0.78920007;0.6218365;0.9835781
2127.0;0.79711396;0.62762314;0.99374646
2128.0;0.8050279;0.63341;1.003915
2129.0;0.81294173;0.63919663;1.0140833
2130.0;0.8208556;0.6449834;1.0242517
2131.0;0.828759;0.6505003;1.0349867
2132.0;0.83666253;0.65601724;1.0457217
2133.0;0.8445659;0.66153413;1.0564566
2134.0;0.8524694;0.667051;1.0671915
2135.0;0.8603728;0.6725679;1.0779265
2136.0;0.86827624;0.67808485;1.0886616
2137.0;0.8761797;0.68360174;1.0993965
2138.0;0.88408315;0.6891186;1.1101314
2139.0;0.89198655;0.69463557;1.1208663
2140.0;0.89989;0.70015246;1.1316013
2141.0;0.90801793;0.70575607;1.1429757
2142.0;0.91614586;0.7113597;1.15435
2143.0;0.9242737;0.7169632;1.1657246
2144.0;0.9324017;0.7225668;1.177099
2145.0;0.9405296;0.72817034;1.1884733
2146.0;0.9486575;0.73377395;1.1998478
2147.0;0.9567854;0.73937744;1.2112222
2148.0;0.9649133;0.74498105;1.2225966
2149.0;0.97304124;0.75058466;1.2339711
2150.0;0.98116916;0.7561882;1.2453455
