2020.0;-0.045444783;-0.11399189;0.02571617
2021.0;-0.04602055;-0.119098365;0.029488461
2022.0;-0.046596322;-0.12420485;0.03326075
2023.0;-0.047172084;-0.12931134;0.037033036
2024.0;-0.047747858;-0.13441782;0.04080533
2025.0;-0.04832362;-0.1395243;0.044577613
2026.0;-0.048899386;-0.14463079;0.048349902
2027.0;-0.049475156;-0.14973725;0.052122187
2028.0;-0.05005092;-0.15484373;0.055894483
2029.0;-0.05062669;-0.15995021;0.059666768
2030.0;-0.051202457;-0.1650567;0.06343906
2031.0;-0.051270645;-0.16961694;0.067899995
2032.0;-0.05133884;-0.17417721;0.07236093
2033.0;-0.05140703;-0.17873746;0.07682187
2034.0;-0.05147522;-0.18329771;0.08128281
2035.0;-0.05154341;-0.18785796;0.08574374
2036.0;-0.051611602;-0.19241822;0.09020468
2037.0;-0.05167979;-0.19697845;0.09466561
2038.0;-0.05174798;-0.20153871;0.099126555
2039.0;-0.051816173;-0.20609896;0.103587486
2040.0;-0.051884364;-0.2106592;0.108048424
2041.0;-0.05213549;-0.21545707;0.1121321
2042.0;-0.05238662;-0.22025494;0.1162158
2043.0;-0.05263775;-0.2250528;0.12029948
2044.0;-0.052888878;-0.22985068;0.124383174
2045.0;-0.053140007;-0.23464854;0.12846686
2046.0;-0.053391136;-0.23944642;0.13255054
2047.0;-0.05364226;-0.24424428;0.13663422
2048.0;-0.05389339;-0.24904214;0.14071791
2049.0;-0.054144517;-0.25384;0.14480159
2050.0;-0.054395646;-0.25863788;0.14888528
2051.0;-0.05458142;-0.26319417;0.15325189
2052.0;-0.054767195;-0.26775053;0.15761854
2053.0;-0.054952964;-0.27230683;0.16198514
2054.0;-0.05513875;-0.27686316;0.16635178
2055.0;-0.055324517;-0.28141946;0.17071839
2056.0;-0.055510294;-0.28597575;0.17508501
2057.0;-0.055696063;-0.2905321;0.17945163
2058.0;-0.05588184;-0.2950884;0.18381824
2059.0;-0.056067612;-0.29964474;0.18818486
2060.0;-0.05625339;-0.30420104;0.19255148
2061.0;-0.056833033;-0.30917242;0.19655882
2062.0;-0.057412677;-0.3141438;0.20056619
2063.0;-0.057992317;-0.31911516;0.20457354
2064.0;-0.05857196;-0.32408655;0.2085809
2065.0;-0.059151605;-0.3290579;0.21258824
2066.0;-0.059731252;-0.33402926;0.2165956
2067.0;-0.06031089;-0.3390006;0.22060293
2068.0;-0.060890533;-0.34397203;0.2246103
2069.0;-0.06147018;-0.34894335;0.22861764
2070.0;-0.062049825;-0.35391474;0.232625
2071.0;-0.06290643;-0.35929412;0.23615912
2072.0;-0.06376303;-0.36467355;0.23969327
2073.0;-0.06461963;-0.37005293;0.2432274
2074.0;-0.06547623;-0.37543237;0.24676155
2075.0;-0.06633283;-0.38081178;0.25029567
2076.0;-0.06718944;-0.38619116;0.2538298
2077.0;-0.06804603;-0.39157057;0.25736395
2078.0;-0.06890264;-0.39694995;0.26089808
2079.0;-0.06975925;-0.4023294;0.2644322
2080.0;-0.07061584;-0.40770876;0.26796633
2081.0;-0.07089289;-0.41225561;0.2725108
2082.0;-0.07116994;-0.41680244;0.2770553
2083.0;-0.07144699;-0.4213493;0.28159973
2084.0;-0.07172404;-0.4258961;0.28614423
2085.0;-0.07200109;-0.43044293;0.2906887
2086.0;-0.072278135;-0.43498975;0.29523316
2087.0;-0.07255519;-0.43953657;0.29977766
2088.0;-0.072832234;-0.4440834;0.30432212
2089.0;-0.073109284;-0.4486302;0.30886656
2090.0;-0.073386334;-0.45317706;0.31341103
2091.0;-0.07368527;-0.45845607;0.3185464
2092.0;-0.07398422;-0.4637351;0.32368186
2093.0;-0.07428316;-0.4690141;0.32881725
2094.0;-0.0745821;-0.47429314;0.3339527
2095.0;-0.07488104;-0.47957215;0.33908808
2096.0;-0.07517999;-0.48485115;0.34422347
2097.0;-0.07547893;-0.4901302;0.3493589
2098.0;-0.075777866;-0.49540922;0.35449433
2099.0;-0.07607681;-0.50068825;0.3596297
2100.0;-0.076375745;-0.50596726;0.3647651
2101.0;-0.07729694;-0.51150554;0.36890173
2102.0;-0.07821814;-0.5170438;0.37303838
2103.0;-0.079139344;-0.52258205;0.37717503
2104.0;-0.08006054;-0.52812034;0.38131168
2105.0;-0.08098174;-0.5336586;0.3854483
2106.0;-0.08190293;-0.5391969;0.38958496
2107.0;-0.082824126;-0.5447352;0.39372158
2108.0;-0.08374532;-0.5502734;0.3978582
2109.0;-0.08466652;-0.5558117;0.40199488
2110.0;-0.085587725;-0.56135;0.4061315
2111.0;-0.08668655;-0.5669505;0.4102645
2112.0;-0.087785386;-0.572551;0.41439748
2113.0;-0.08888422;-0.5781516;0.4185305
2114.0;-0.08998305;-0.58375216;0.42266348
2115.0;-0.09108189;-0.58935267;0.42679644
2116.0;-0.09218072;-0.5949532;0.43092945
2117.0;-0.09327955;-0.6005537;0.43506244
2118.0;-0.09437839;-0.6061543;0.43919542
2119.0;-0.095477216;-0.61175483;0.44332844
2120.0;-0.09657605;-0.61735535;0.44746143
2121.0;-0.09786939;-0.6231939;0.45149565
2122.0;-0.099162735;-0.6290325;0.45552984
2123.0;-0.100456074;-0.63487107;0.45956406
2124.0;-0.10174942;-0.64070964;0.46359828
2125.0;-0.10304277;-0.6465482;0.46763247
2126.0;-0.104336105;-0.6523868;0.4716667
2127.0;-0.10562945;-0.65822536;0.47570089
2128.0;-0.10692279;-0.664064;0.4797351
2129.0;-0.10821614;-0.6699025;0.48376933
2130.0;-0.109509476;-0.6757411;0.48780352
2131.0;-0.11075839;-0.6814506;0.49186322
2132.0;-0.112007305;-0.6871602;0.49592298
2133.0;-0.11325621;-0.6928697;0.49998266
2134.0;-0.11450513;-0.6985793;0.5040424
2135.0;-0.115754046;-0.70428884;0.50810206
2136.0;-0.11700295;-0.7099983;0.5121618
2137.0;-0.11825187;-0.7157079;0.5162215
2138.0;-0.11950078;-0.7214174;0.52028126
2139.0;-0.1207497;-0.72712696;0.5243409
2140.0;-0.1219986;-0.7328365;0.52840066
2141.0;-0.12313215;-0.7385936;0.53254676
2142.0;-0.1242657;-0.7443508;0.536693
2143.0;-0.12539925;-0.7501078;0.54083914
2144.0;-0.1265328;-0.755865;0.54498535
2145.0;-0.12766634;-0.7616221;0.54913145
2146.0;-0.12879989;-0.76737916;0.5532777
2147.0;-0.12993343;-0.7731363;0.55742383
2148.0;-0.13106698;-0.7788934;0.56157
2149.0;-0.13220051;-0.78465056;0.56571615
2150.0;-0.13333406;-0.79040766;0.5698623
