2020.0;-0.032394167;-0.10585695;0.04032842
2021.0;-0.032402735;-0.110754415;0.04483666
2022.0;-0.032411307;-0.11565189;0.049344897
2023.0;-0.032419875;-0.120549366;0.05385314
2024.0;-0.032428447;-0.12544684;0.058361374
2025.0;-0.032437015;-0.1303443;0.062869616
2026.0;-0.032445587;-0.13524178;0.06737785
2027.0;-0.032454155;-0.14013925;0.07188609
2028.0;-0.032462724;-0.14503673;0.07639433
2029.0;-0.03247129;-0.14993419;0.08090256
2030.0;-0.032479864;-0.15483166;0.0854108
2031.0;-0.031797532;-0.15905456;0.090591095
2032.0;-0.031115204;-0.16327748;0.095771395
2033.0;-0.030432872;-0.16750039;0.100951694
2034.0;-0.029750545;-0.17172329;0.106131986
2035.0;-0.029068213;-0.1759462;0.11131227
2036.0;-0.028385883;-0.18016914;0.11649257
2037.0;-0.027703552;-0.18439204;0.12167287
2038.0;-0.027021224;-0.18861493;0.12685315
2039.0;-0.026338894;-0.19283785;0.13203345
2040.0;-0.025656562;-0.19706076;0.13721375
2041.0;-0.024281617;-0.20031591;0.14313781
2042.0;-0.022906676;-0.20357107;0.14906187
2043.0;-0.021531727;-0.20682622;0.15498595
2044.0;-0.020156784;-0.21008135;0.16091001
2045.0;-0.018781839;-0.21333651;0.16683407
2046.0;-0.017406894;-0.21659167;0.17275815
2047.0;-0.01603195;-0.21984681;0.17868221
2048.0;-0.014657006;-0.22310197;0.18460628
2049.0;-0.013282061;-0.22635713;0.19053033
2050.0;-0.011907116;-0.22961228;0.1964544
2051.0;-0.010484464;-0.23286456;0.20226488
2052.0;-0.0090618115;-0.23611686;0.20807537
2053.0;-0.007639159;-0.23936915;0.21388584
2054.0;-0.0062165074;-0.24262145;0.21969633
2055.0;-0.004793855;-0.24587373;0.22550681
2056.0;-0.003371202;-0.24912603;0.2313173
2057.0;-0.0019485505;-0.2523783;0.23712777
2058.0;-0.0005258977;-0.2556306;0.24293825
2059.0;0.0008967539;-0.2588829;0.24874872
2060.0;0.0023194065;-0.2621352;0.25455922
2061.0;0.0036587543;-0.26540256;0.26065236
2062.0;0.004998103;-0.26866996;0.26674557
2063.0;0.006337451;-0.2719373;0.27283874
2064.0;0.007676799;-0.27520472;0.27893195
2065.0;0.009016147;-0.27847204;0.28502515
2066.0;0.010355496;-0.28173944;0.29111832
2067.0;0.011694842;-0.2850068;0.2972115
2068.0;0.013034191;-0.2882742;0.3033047
2069.0;0.014373538;-0.29154158;0.30939788
2070.0;0.015712887;-0.29480892;0.31549105
2071.0;0.017631643;-0.297538;0.32176238
2072.0;0.0195504;-0.30026713;0.3280337
2073.0;0.021469159;-0.30299622;0.33430502
2074.0;0.023387915;-0.3057253;0.34057635
2075.0;0.025306672;-0.3084544;0.34684765
2076.0;0.027225427;-0.31118348;0.353119
2077.0;0.029144185;-0.31391257;0.35939032
2078.0;0.031062942;-0.3166417;0.36566162
2079.0;0.032981697;-0.31937075;0.37193292
2080.0;0.034900457;-0.32209986;0.37820426
2081.0;0.037313387;-0.32446465;0.38528216
2082.0;0.039726313;-0.3268295;0.39236012
2083.0;0.042139243;-0.3291943;0.399438
2084.0;0.044552177;-0.33155912;0.40651593
2085.0;0.046965104;-0.3339239;0.4135938
2086.0;0.049378037;-0.33628875;0.42067176
2087.0;0.051790964;-0.33865356;0.42774963
2088.0;0.054203894;-0.34101838;0.43482754
2089.0;0.056616824;-0.3433832;0.44190547
2090.0;0.059029754;-0.34574798;0.44898337
2091.0;0.06131807;-0.3489356;0.45692658
2092.0;0.06360638;-0.35212323;0.4648698
2093.0;0.0658947;-0.35531086;0.47281298
2094.0;0.06818301;-0.35849848;0.48075622
2095.0;0.07047133;-0.36168605;0.4886994
2096.0;0.07275964;-0.36487365;0.49664265
2097.0;0.075047955;-0.36806127;0.5045858
2098.0;0.077336274;-0.37124893;0.5125291
2099.0;0.07962458;-0.37443653;0.5204723
2100.0;0.0819129;-0.37762415;0.52841544
2101.0;0.08391739;-0.380364;0.5355345
2102.0;0.08592189;-0.38310388;0.54265356
2103.0;0.087926395;-0.38584372;0.54977256
2104.0;0.089930885;-0.38858363;0.5568916
2105.0;0.09193538;-0.39132348;0.5640106
2106.0;0.09393988;-0.39406335;0.5711297
2107.0;0.095944375;-0.39680323;0.57824874
2108.0;0.097948864;-0.39954308;0.58536774
2109.0;0.09995337;-0.40228292;0.5924868
2110.0;0.101957865;-0.4050228;0.59960586
2111.0;0.10396776;-0.4078072;0.6068089
2112.0;0.10597767;-0.41059157;0.6140119
2113.0;0.10798758;-0.41337597;0.621215
2114.0;0.10999748;-0.41616037;0.62841797
2115.0;0.11200738;-0.41894478;0.63562095
2116.0;0.11401728;-0.42172912;0.642824
2117.0;0.11602719;-0.42451352;0.65002704
2118.0;0.11803709;-0.42729792;0.65723
2119.0;0.12004699;-0.4300823;0.66443306
2120.0;0.122056894;-0.4328667;0.6716361
2121.0;0.124089845;-0.43563384;0.67891973
2122.0;0.1261228;-0.43840104;0.6862035
2123.0;0.12815575;-0.44116816;0.6934871
2124.0;0.13018869;-0.44393536;0.7007708
2125.0;0.13222164;-0.44670248;0.7080544
2126.0;0.13425457;-0.44946963;0.7153381
2127.0;0.13628754;-0.45223677;0.72262174
2128.0;0.13832049;-0.45500398;0.7299055
2129.0;0.14035343;-0.45777112;0.7371892
2130.0;0.14238638;-0.46053827;0.7444728
2131.0;0.14457893;-0.46304253;0.75208855
2132.0;0.14677152;-0.46554688;0.75970435
2133.0;0.14896406;-0.46805114;0.7673201
2134.0;0.15115665;-0.47055542;0.7749359
2135.0;0.15334919;-0.4730597;0.78255165
2136.0;0.15554176;-0.47556403;0.79016745
2137.0;0.15773433;-0.4780683;0.79778326
2138.0;0.15992689;-0.48057258;0.805399
2139.0;0.16211946;-0.48307687;0.81301475
2140.0;0.164312;-0.4855812;0.82063055
2141.0;0.16695434;-0.4880744;0.8289074
2142.0;0.16959666;-0.49056768;0.8371841
2143.0;0.17223898;-0.49306098;0.84546083
2144.0;0.17488132;-0.4955542;0.8537376
2145.0;0.17752364;-0.49804744;0.86201435
2146.0;0.18016596;-0.50054073;0.87029105
2147.0;0.1828083;-0.503034;0.8785679
2148.0;0.18545061;-0.5055272;0.8868446
2149.0;0.18809293;-0.50802046;0.89512134
2150.0;0.19073527;-0.5105137;0.90339816
