2020.0;-0.030184878;-0.10125424;0.053327486
2021.0;-0.028615609;-0.10474543;0.060451236
2022.0;-0.027046338;-0.10823663;0.06757499
2023.0;-0.025477068;-0.11172783;0.074698746
2024.0;-0.0239078;-0.11521903;0.08182249
2025.0;-0.022338528;-0.11871021;0.088946246
2026.0;-0.020769257;-0.122201405;0.09607
2027.0;-0.01919999;-0.1256926;0.103193745
2028.0;-0.017630719;-0.1291838;0.110317506
2029.0;-0.01606145;-0.13267499;0.11744125
2030.0;-0.014492179;-0.13616619;0.12456501
2031.0;-0.010530649;-0.13748258;0.1346047
2032.0;-0.0065691196;-0.13879901;0.14464441
2033.0;-0.0026075894;-0.14011541;0.1546841
2034.0;0.00135394;-0.14143182;0.1647238
2035.0;0.00531547;-0.14274824;0.17476349
2036.0;0.009277001;-0.14406464;0.18480319
2037.0;0.013238529;-0.14538106;0.19484288
2038.0;0.01720006;-0.14669746;0.20488258
2039.0;0.021161588;-0.14801389;0.21492228
2040.0;0.02512312;-0.14933029;0.22496198
2041.0;0.03223075;-0.14713739;0.23869897
2042.0;0.039338388;-0.14494447;0.252436
2043.0;0.046446014;-0.14275157;0.26617298
2044.0;0.05355365;-0.14055867;0.27991
2045.0;0.06066128;-0.13836576;0.293647
2046.0;0.06776892;-0.13617285;0.30738404
2047.0;0.07487654;-0.13397995;0.321121
2048.0;0.08198418;-0.13178703;0.33485803
2049.0;0.08909181;-0.12959413;0.34859502
2050.0;0.09619944;-0.12740123;0.36233205
2051.0;0.106283456;-0.123043895;0.37902576
2052.0;0.116367474;-0.11868656;0.39571956
2053.0;0.12645149;-0.11432923;0.41241327
2054.0;0.13653553;-0.109971896;0.429107
2055.0;0.14661953;-0.10561455;0.44580075
2056.0;0.15670355;-0.10125722;0.4624945
2057.0;0.16678755;-0.09689989;0.47918823
2058.0;0.17687158;-0.092542544;0.49588197
2059.0;0.1869556;-0.08818521;0.5125757
2060.0;0.19703962;-0.083827876;0.52926946
2061.0;0.2100648;-0.0775517;0.5481349
2062.0;0.22309;-0.071275525;0.5670005
2063.0;0.23611517;-0.06499935;0.5858659
2064.0;0.24914038;-0.058723174;0.60473144
2065.0;0.26216555;-0.052447;0.6235969
2066.0;0.27519074;-0.04617082;0.6424624
2067.0;0.28821594;-0.039894644;0.6613279
2068.0;0.30124116;-0.03361847;0.68019336
2069.0;0.31426632;-0.027342297;0.69905883
2070.0;0.32729152;-0.02106612;0.7179243
2071.0;0.34359252;-0.010714685;0.7397559
2072.0;0.35989362;-0.00036325073;0.7615875
2073.0;0.37619466;0.009988185;0.7834191
2074.0;0.39249566;0.02033962;0.8052507
2075.0;0.40879673;0.030691054;0.8270823
2076.0;0.42509776;0.041042488;0.8489138
2077.0;0.4413988;0.051393922;0.8707455
2078.0;0.45769984;0.061745357;0.89257705
2079.0;0.47400087;0.07209679;0.9144087
2080.0;0.49030194;0.08244823;0.93624026
2081.0;0.50858295;0.094708465;0.9593822
2082.0;0.526864;0.106968716;0.98252416
2083.0;0.54514503;0.11922897;1.0056661
2084.0;0.5634261;0.13148922;1.0288081
2085.0;0.5817071;0.14374945;1.05195
2086.0;0.59998816;0.1560097;1.075092
2087.0;0.61826915;0.16826995;1.0982339
2088.0;0.6365502;0.18053019;1.1213758
2089.0;0.65483123;0.19279043;1.1445178
2090.0;0.6731123;0.20505069;1.1676598
2091.0;0.6936151;0.2178172;1.1916696
2092.0;0.7141179;0.23058374;1.2156793
2093.0;0.7346207;0.24335025;1.239689
2094.0;0.75512356;0.25611675;1.2636987
2095.0;0.7756263;0.2688833;1.2877085
2096.0;0.7961291;0.2816498;1.3117181
2097.0;0.816632;0.2944163;1.3357279
2098.0;0.8371347;0.30718282;1.3597376
2099.0;0.8576375;0.31994933;1.3837473
2100.0;0.87814033;0.33271587;1.407757
2101.0;0.89896464;0.34466076;1.4339291
2102.0;0.9197891;0.35660568;1.4601012
2103.0;0.9406134;0.3685506;1.4862732
2104.0;0.96143776;0.3804955;1.5124453
2105.0;0.9822621;0.3924404;1.5386174
2106.0;1.0030864;0.40438533;1.5647894
2107.0;1.0239108;0.4163302;1.5909616
2108.0;1.0447351;0.4282751;1.6171335
2109.0;1.0655595;0.44022003;1.6433057
2110.0;1.0863838;0.45216492;1.6694777
2111.0;1.1056315;0.46113577;1.7028753
2112.0;1.1248792;0.47010663;1.7362728
2113.0;1.144127;0.47907752;1.7696704
2114.0;1.1633748;0.48804837;1.8030679
2115.0;1.1826226;0.49701923;1.8364655
2116.0;1.2018702;0.5059901;1.869863
2117.0;1.221118;0.51496094;1.9032605
2118.0;1.2403657;0.5239318;1.936658
2119.0;1.2596135;0.53290266;1.9700557
2120.0;1.2788612;0.5418735;2.0034533
2121.0;1.2961435;0.54965526;2.0430677
2122.0;1.313426;0.5574371;2.0826821
2123.0;1.3307083;0.56521887;2.1222966
2124.0;1.3479908;0.57300067;2.1619115
2125.0;1.3652731;0.5807825;2.2015257
2126.0;1.3825554;0.5885642;2.2411401
2127.0;1.3998379;0.596346;2.2807546
2128.0;1.4171202;0.6041278;2.3203692
2129.0;1.4344025;0.61190957;2.3599837
2130.0;1.451685;0.6196914;2.3995981
2131.0;1.4666475;0.62595433;2.4413576
2132.0;1.4816101;0.6322174;2.4831176
2133.0;1.4965726;0.6384804;2.5248773
2134.0;1.5115352;0.6447434;2.5666368
2135.0;1.5264977;0.65100646;2.6083965
2136.0;1.5414602;0.6572695;2.6501563
2137.0;1.5564227;0.6635325;2.6919158
2138.0;1.5713853;0.6697955;2.7336755
2139.0;1.5863479;0.67605853;2.7754352
2140.0;1.6013104;0.68232155;2.817195
2141.0;1.6153826;0.6875986;2.8500226
2142.0;1.6294549;0.69287574;2.8828502
2143.0;1.643527;0.6981528;2.9156778
2144.0;1.6575993;0.7034299;2.9485054
2145.0;1.6716714;0.7087069;2.981333
2146.0;1.6857437;0.713984;3.0141606
2147.0;1.6998159;0.71926105;3.0469882
2148.0;1.713888;0.72453815;3.0798159
2149.0;1.7279603;0.72981524;3.1126435
2150.0;1.7420325;0.7350923;3.145471
