1920.0;0.09406407
1921.0;0.1143573
1922.0;0.047288515
1923.0;0.08290286
1924.0;0.06373025
1925.0;0.08250327
1926.0;0.096105576
1927.0;0.06690866
1928.0;0.084641114
1929.0;0.010921928
1930.0;0.059395842
1931.0;0.11006587
1932.0;0.10523042
1933.0;0.0974227
1934.0;0.1158085
1935.0;0.07095161
1936.0;0.04975744
1937.0;0.34128624
1938.0;0.36917645
1939.0;0.23298907
1940.0;0.13267322
1941.0;0.17202924
1942.0;0.14799662
1943.0;0.15945415
1944.0;0.19415332
1945.0;0.17771329
1946.0;0.20795201
1947.0;0.16815017
1948.0;0.20465529
1949.0;0.1603825
1950.0;0.18742387
1951.0;0.122733705
1952.0;0.17889702
1953.0;0.22881724
1954.0;0.1896844
1955.0;0.11253647
1956.0;0.1347635
1957.0;0.116505675
1958.0;0.14743538
1959.0;0.15790124
1960.0;0.13503928
1961.0;0.17333934
1962.0;0.11795574
1963.0;0.14450023
1964.0;0.12587193
1965.0;-0.079681
1966.0;0.20232141
1967.0;0.1313038
1968.0;0.22703998
1969.0;0.20014068
1970.0;-0.011002407
1971.0;0.054820515
1972.0;0.020705894
1973.0;0.10684609
1974.0;0.04994816
1975.0;0.0467922
1976.0;0.12776896
1977.0;0.1274733
1978.0;0.050798908
1979.0;0.041232113
1980.0;0.055978775
1981.0;0.091135345
1982.0;0.05578437
1983.0;0.12667051
1984.0;0.09290181
1985.0;-0.042893667
1986.0;0.05917713
1987.0;0.06750624
1988.0;0.07948443
1989.0;0.013498783
1990.0;0.039441913
1991.0;0.035374627
1992.0;0.07811309
1993.0;0.011741566
1994.0;0.038233615
1995.0;-0.005092396
1996.0;-0.06322706
1997.0;0.029306058
1998.0;0.015809555
1999.0;0.011784481
2000.0;-0.0056759836
2001.0;-0.00086553575
2002.0;-0.035286333
2003.0;0.0056687584
2004.0;-0.021745296
2005.0;-0.015691334
2006.0;-0.025703404
2007.0;-0.027720334
2008.0;-0.039284505
2009.0;-0.10266202
2010.0;-0.072723985
2011.0;-0.04070493
2012.0;-0.058743443
2013.0;-0.13855483
2014.0;-0.05745955
2015.0;-0.030515477
2016.0;-0.031223156
2017.0;-0.10969108
2018.0;-0.12162291
2019.0;-0.14549118
2020.0;-0.073621884
