2020.0;-0.020706596;-0.091703035;0.052628912
2021.0;-0.017938763;-0.0945733;0.06048346
2022.0;-0.01517093;-0.09744356;0.068338014
2023.0;-0.012403096;-0.10031382;0.07619256
2024.0;-0.009635263;-0.10318408;0.0840471
2025.0;-0.0068674297;-0.106054336;0.09190166
2026.0;-0.004099595;-0.108924605;0.0997562
2027.0;-0.0013317637;-0.11179486;0.10761075
2028.0;0.0014360709;-0.11466512;0.11546529
2029.0;0.0042039026;-0.11753538;0.12331985
2030.0;0.006971737;-0.120405644;0.13117439
2031.0;0.013342165;-0.12080467;0.1434258
2032.0;0.019712595;-0.12120368;0.15567721
2033.0;0.026083022;-0.12160269;0.16792864
2034.0;0.03245345;-0.12200172;0.18018006
2035.0;0.038823884;-0.12240072;0.19243146
2036.0;0.045194313;-0.12279975;0.20468287
2037.0;0.05156474;-0.12319876;0.2169343
2038.0;0.05793517;-0.12359778;0.2291857
2039.0;0.064305596;-0.123996794;0.24143712
2040.0;0.07067603;-0.12439581;0.2536885
2041.0;0.08231767;-0.11934585;0.27092385
2042.0;0.093959324;-0.11429589;0.2881592
2043.0;0.10560098;-0.10924591;0.30539453
2044.0;0.11724263;-0.10419595;0.32262987
2045.0;0.12888427;-0.099145986;0.3398652
2046.0;0.14052594;-0.09409602;0.35710052
2047.0;0.15216757;-0.08904606;0.37433589
2048.0;0.16380924;-0.083996095;0.3915712
2049.0;0.17545086;-0.07894613;0.40880656
2050.0;0.18709253;-0.07389616;0.42604187
2051.0;0.20312217;-0.06283274;0.44774163
2052.0;0.21915182;-0.051769316;0.46944144
2053.0;0.23518145;-0.040705893;0.49114123
2054.0;0.2512111;-0.029642476;0.512841
2055.0;0.26724076;-0.01857905;0.5345408
2056.0;0.2832704;-0.007515625;0.55624056
2057.0;0.29930004;0.0035477944;0.57794034
2058.0;0.3153297;0.014611219;0.59964013
2059.0;0.33135936;0.025674637;0.6213399
2060.0;0.34738898;0.036738064;0.64303964
2061.0;0.36935115;0.049950268;0.67034245
2062.0;0.39131325;0.063162476;0.69764525
2063.0;0.4132754;0.07637468;0.72494805
2064.0;0.43523756;0.08958689;0.75225085
2065.0;0.45719966;0.102799095;0.7795536
2066.0;0.4791618;0.11601131;0.80685645
2067.0;0.50112396;0.12922351;0.83415926
2068.0;0.52308613;0.14243571;0.861462
2069.0;0.54504824;0.15564792;0.8887648
2070.0;0.5670104;0.16886012;0.91606754
2071.0;0.59404683;0.1873212;0.94850665
2072.0;0.6210833;0.2057823;0.9809457
2073.0;0.6481198;0.22424334;1.0133848
2074.0;0.67515624;0.24270444;1.0458238
2075.0;0.7021927;0.2611655;1.0782628
2076.0;0.7292293;0.27962658;1.1107019
2077.0;0.75626576;0.29808766;1.143141
2078.0;0.7833021;0.31654873;1.17558
2079.0;0.8103386;0.33500978;1.208019
2080.0;0.8373751;0.3534709;1.2404581
2081.0;0.86770964;0.3764919;1.2757627
2082.0;0.8980442;0.39951298;1.3110673
2083.0;0.9283788;0.422534;1.3463721
2084.0;0.95871335;0.44555506;1.3816768
2085.0;0.98904794;0.46857607;1.4169812
2086.0;1.0193826;0.49159712;1.4522859
2087.0;1.0497172;0.51461816;1.4875904
2088.0;1.0800517;0.5376392;1.5228952
2089.0;1.1103863;0.56066024;1.5581999
2090.0;1.1407208;0.5836813;1.5935044
2091.0;1.1735437;0.6122877;1.6323426
2092.0;1.2063668;0.64089423;1.6711808
2093.0;1.2391899;0.66950065;1.7100188
2094.0;1.2720128;0.6981072;1.7488571
2095.0;1.3048358;0.7267136;1.7876953
2096.0;1.3376588;0.7553201;1.8265334
2097.0;1.3704817;0.7839265;1.8653716
2098.0;1.4033048;0.8125331;1.9042097
2099.0;1.4361278;0.84113955;1.943048
2100.0;1.4689507;0.86974597;1.9818861
2101.0;1.5018564;0.89417946;2.0234888
2102.0;1.5347623;0.91861296;2.0650914
2103.0;1.5676677;0.9430464;2.1066937
2104.0;1.6005737;0.9674799;2.1482964
2105.0;1.6334792;0.9919133;2.1898987
2106.0;1.6663848;1.0163468;2.231501
2107.0;1.6992905;1.0407803;2.2731037
2108.0;1.7321963;1.0652138;2.3147063
2109.0;1.7651019;1.0896472;2.356309
2110.0;1.7980076;1.1140807;2.3979113
2111.0;1.8291168;1.1337663;2.4436693
2112.0;1.8602262;1.1534519;2.4894278
2113.0;1.8913354;1.1731374;2.535186
2114.0;1.9224447;1.1928232;2.580944
2115.0;1.9535539;1.2125088;2.626702
2116.0;1.9846632;1.2321943;2.6724606
2117.0;2.0157723;1.2518799;2.7182188
2118.0;2.046882;1.2715656;2.7639768
2119.0;2.0779912;1.2912511;2.809735
2120.0;2.1091003;1.3109368;2.855493
2121.0;2.1373467;1.3247111;2.912584
2122.0;2.165593;1.3384855;2.9696748
2123.0;2.1938396;1.3522598;3.0267656
2124.0;2.222086;1.3660342;3.0838563
2125.0;2.2503324;1.3798085;3.1409473
2126.0;2.2785785;1.3935829;3.198038
2127.0;2.3068252;1.4073572;3.2551289
2128.0;2.3350713;1.4211316;3.3122196
2129.0;2.363318;1.434906;3.3693106
2130.0;2.3915641;1.4486803;3.4264014
2131.0;2.4182553;1.4598641;3.4881861
2132.0;2.4449463;1.4710479;3.5499709
2133.0;2.4716377;1.4822317;3.6117556
2134.0;2.4983287;1.4934155;3.6735406
2135.0;2.52502;1.5045993;3.735325
2136.0;2.5517108;1.5157832;3.7971098
2137.0;2.578402;1.5269669;3.8588946
2138.0;2.605093;1.5381508;3.9206793
2139.0;2.6317842;1.5493345;3.9824638
2140.0;2.6584754;1.5605183;4.0442486
2141.0;2.684294;1.5716237;4.1087794
2142.0;2.710113;1.5827291;4.1733103
2143.0;2.7359319;1.5938345;4.2378407
2144.0;2.761751;1.6049399;4.3023715
2145.0;2.7875695;1.6160452;4.366902
2146.0;2.8133883;1.6271507;4.4314327
2147.0;2.8392072;1.6382561;4.495963
2148.0;2.8650262;1.6493615;4.560494
2149.0;2.890845;1.6604669;4.6250243
2150.0;2.916664;1.6715722;4.689555
