2020.0;-0.022152474;-0.10056462;0.04928656
2021.0;-0.021642245;-0.10494295;0.054359253
2022.0;-0.02113202;-0.10932129;0.059431955
2023.0;-0.020621793;-0.113699615;0.064504646
2024.0;-0.020111568;-0.11807795;0.069577344
2025.0;-0.019601341;-0.122456275;0.07465004
2026.0;-0.019091114;-0.12683462;0.07972273
2027.0;-0.01858089;-0.13121293;0.08479542
2028.0;-0.018070662;-0.13559128;0.08986812
2029.0;-0.017560435;-0.13996959;0.09494082
2030.0;-0.017050209;-0.14434794;0.10001351
2031.0;-0.015188316;-0.14765267;0.10660861
2032.0;-0.013326423;-0.1509574;0.113203704
2033.0;-0.01146453;-0.15426214;0.119798794
2034.0;-0.009602637;-0.15756689;0.12639388
2035.0;-0.0077407444;-0.16087162;0.13298899
2036.0;-0.005878851;-0.16417637;0.13958408
2037.0;-0.0040169586;-0.16748111;0.14617917
2038.0;-0.0021550655;-0.17078584;0.15277426
2039.0;-0.00029317342;-0.1740906;0.15936935
2040.0;0.0015687199;-0.17739533;0.16596445
2041.0;0.004981943;-0.17896946;0.17435612
2042.0;0.008395167;-0.18054357;0.1827478
2043.0;0.011808391;-0.1821177;0.19113947
2044.0;0.015221613;-0.18369183;0.19953115
2045.0;0.018634839;-0.18526596;0.20792283
2046.0;0.022048062;-0.18684009;0.21631451
2047.0;0.025461283;-0.18841422;0.22470619
2048.0;0.028874507;-0.18998834;0.23309787
2049.0;0.03228773;-0.19156247;0.24148954
2050.0;0.035700954;-0.1931366;0.24988122
2051.0;0.04007233;-0.19404188;0.25930318
2052.0;0.044443708;-0.19494718;0.26872516
2053.0;0.04881508;-0.19585247;0.27814713
2054.0;0.053186454;-0.19675778;0.2875691
2055.0;0.057557832;-0.19766307;0.29699108
2056.0;0.061929204;-0.19856836;0.30641302
2057.0;0.06630058;-0.19947366;0.31583503
2058.0;0.07067196;-0.20037895;0.32525694
2059.0;0.07504333;-0.20128424;0.33467895
2060.0;0.0794147;-0.20218955;0.34410092
2061.0;0.08495523;-0.20195787;0.35474634
2062.0;0.09049577;-0.20172621;0.36539176
2063.0;0.0960363;-0.20149456;0.37603718
2064.0;0.10157684;-0.20126288;0.38668263
2065.0;0.10711737;-0.20103122;0.39732802
2066.0;0.112657905;-0.20079955;0.40797344
2067.0;0.11819843;-0.20056789;0.4186189
2068.0;0.123738974;-0.20033623;0.4292643
2069.0;0.1292795;-0.20010456;0.43990973
2070.0;0.13482004;-0.1998729;0.45055515
2071.0;0.1431074;-0.19686271;0.4634073
2072.0;0.15139477;-0.19385256;0.47625953
2073.0;0.15968214;-0.19084238;0.4891117
2074.0;0.16796951;-0.18783222;0.50196385
2075.0;0.17625688;-0.18482204;0.51481605
2076.0;0.18454425;-0.18181185;0.52766824
2077.0;0.19283162;-0.1788017;0.54052037
2078.0;0.20111899;-0.17579152;0.55337256
2079.0;0.20940636;-0.17278135;0.56622475
2080.0;0.21769373;-0.16977118;0.5790769
2081.0;0.2290953;-0.16361277;0.59481406
2082.0;0.24049687;-0.15745436;0.61055136
2083.0;0.25189844;-0.15129595;0.6262885
2084.0;0.26330003;-0.14513755;0.64202577
2085.0;0.2747016;-0.13897912;0.6577629
2086.0;0.28610316;-0.13282071;0.67350006
2087.0;0.29750472;-0.12666231;0.68923724
2088.0;0.30890632;-0.12050389;0.7049745
2089.0;0.32030785;-0.11434548;0.72071165
2090.0;0.33170944;-0.10818707;0.7364488
2091.0;0.34617007;-0.10021435;0.7565837
2092.0;0.36063075;-0.09224162;0.7767186
2093.0;0.37509137;-0.0842689;0.7968534
2094.0;0.389552;-0.07629618;0.8169883
2095.0;0.40401262;-0.068323456;0.83712316
2096.0;0.41847327;-0.060350724;0.8572581
2097.0;0.43293393;-0.052378006;0.87739295
2098.0;0.44739455;-0.04440528;0.8975277
2099.0;0.4618552;-0.036432557;0.9176626
2100.0;0.47631583;-0.028459832;0.9377975
2101.0;0.49224174;-0.020554429;0.9610627
2102.0;0.5081676;-0.012649026;0.98432815
2103.0;0.5240935;-0.00474362;1.0075934
2104.0;0.54001945;0.0031617812;1.0308588
2105.0;0.55594534;0.011067185;1.054124
2106.0;0.5718712;0.018972589;1.0773894
2107.0;0.5877971;0.02687799;1.1006547
2108.0;0.60372305;0.034783393;1.12392
2109.0;0.61964893;0.042688794;1.1471853
2110.0;0.6355748;0.0505942;1.1704506
2111.0;0.6521955;0.05775723;1.1993902
2112.0;0.6688162;0.06492026;1.2283297
2113.0;0.6854369;0.072083294;1.2572691
2114.0;0.7020576;0.07924632;1.2862087
2115.0;0.71867836;0.08640935;1.3151482
2116.0;0.735299;0.093572386;1.3440877
2117.0;0.7519197;0.10073542;1.3730273
2118.0;0.7685404;0.10789845;1.4019669
2119.0;0.7851611;0.11506148;1.4309064
2120.0;0.8017818;0.12222451;1.4598459
2121.0;0.81962824;0.12920329;1.4990621
2122.0;0.83747476;0.13618208;1.5382782
2123.0;0.8553213;0.14316088;1.5774941
2124.0;0.87316775;0.15013966;1.6167102
2125.0;0.8910142;0.15711845;1.6559262
2126.0;0.90886074;0.16409723;1.6951425
2127.0;0.9267072;0.17107603;1.7343584
2128.0;0.94455373;0.17805481;1.7735745
2129.0;0.9624002;0.1850336;1.8127906
2130.0;0.98024666;0.19201238;1.8520067
2131.0;0.9988047;0.19795123;1.9047863
2132.0;1.0173627;0.20389009;1.9575659
2133.0;1.0359206;0.20982894;2.0103457
2134.0;1.0544788;0.21576779;2.0631251
2135.0;1.0730368;0.22170664;2.1159048
2136.0;1.0915947;0.2276455;2.1686845
2137.0;1.1101527;0.23358434;2.2214642
2138.0;1.1287107;0.2395232;2.2742436
2139.0;1.1472687;0.24546206;2.3270233
2140.0;1.1658268;0.25140092;2.379803
2141.0;1.1842297;0.25630915;2.448401
2142.0;1.2026329;0.26121736;2.5169995
2143.0;1.221036;0.2661256;2.5855978
2144.0;1.2394392;0.27103382;2.6541958
2145.0;1.2578423;0.27594203;2.722794
2146.0;1.2762454;0.28085026;2.791392
2147.0;1.2946484;0.28575847;2.8599901
2148.0;1.3130515;0.2906667;2.9285884
2149.0;1.3314546;0.29557493;2.9971867
2150.0;1.3498577;0.30048314;3.065785
