1920.0;-0.21488528
1921.0;-0.15490621
1922.0;-0.21480249
1923.0;-0.22681531
1924.0;-0.22337292
1925.0;-0.2022639
1926.0;-0.24719508
1927.0;-0.23991153
1928.0;-0.239254
1929.0;-0.22527315
1930.0;-0.24140729
1931.0;-0.25948614
1932.0;-0.22396055
1933.0;-0.18552719
1934.0;-0.23267218
1935.0;-0.17772846
1936.0;-0.124911636
1937.0;-0.1377118
1938.0;-0.1636462
1939.0;-0.1528925
1940.0;-0.15419175
1941.0;-0.1773753
1942.0;-0.14101593
1943.0;-0.14135715
1944.0;-0.10005392
1945.0;-0.10577303
1946.0;-0.079559796
1947.0;-0.06351319
1948.0;-0.026845638
1949.0;-0.09776072
1950.0;-0.15401599
1951.0;-0.1438441
1952.0;-0.12027737
1953.0;-0.13330646
1954.0;-0.13325663
1955.0;-0.08996897
1956.0;-0.14240919
1957.0;-0.064621635
1958.0;-0.091994375
1959.0;-0.09243644
1960.0;-0.044880625
1961.0;-0.116635196
1962.0;-0.073022276
1963.0;-0.12023178
1964.0;-0.11498464
1965.0;-0.11583177
1966.0;-0.0946903
1967.0;-0.10582755
1968.0;-0.11707138
1969.0;-0.06708927
1970.0;-0.07770875
1971.0;-0.06690453
1972.0;-0.032331843
1973.0;-0.01615102
1974.0;-0.034009144
1975.0;-0.028801575
1976.0;-0.10599516
1977.0;-0.08344035
1978.0;-0.059290554
1979.0;-0.088702306
1980.0;-0.07221218
1981.0;-0.083979234
1982.0;-0.078790024
1983.0;0.006744968
1984.0;-0.018949356
1985.0;-0.013650951
1986.0;-0.005327046
1987.0;-0.012363709
1988.0;-0.05509657
1989.0;-0.06915835
1990.0;-0.05735696
1991.0;0.0078484835
1992.0;0.0103866765
1993.0;0.007503589
1994.0;-0.027452458
1995.0;0.043100864
1996.0;-0.024616588
1997.0;0.00804694
1998.0;-0.022010425
1999.0;0.028228793
2000.0;0.005946483
2001.0;-0.019329071
2002.0;-0.0012407879
2003.0;-0.011090657
2004.0;-0.0278952
2005.0;0.042562466
2006.0;-0.0070073972
2007.0;0.022822376
2008.0;-0.0004925274
2009.0;0.031602602
2010.0;0.026157863
2011.0;-0.006613278
2012.0;0.049742274
2013.0;0.05373677
2014.0;0.11165233
2015.0;0.10356149
2016.0;0.12012463
2017.0;0.08649704
2018.0;0.06906244
2019.0;0.1647863
2020.0;0.12280975
