1994.0;-0.03642487
1995.0;0.0038350106
1996.0;-0.027517807
1997.0;-0.016966293
1998.0;-0.008797569
1999.0;0.041726653
2000.0;0.019052852
2001.0;0.011695305
2002.0;0.022798166
2003.0;0.0134134125
2004.0;-0.0055285264
2005.0;0.016076265
2006.0;-0.0057774126
2007.0;0.023759631
2008.0;0.03784438
2009.0;0.04398921
2010.0;0.042265285
2011.0;0.023455935
2012.0;0.06637172
2013.0;0.069872536
2014.0;0.08854371
2015.0;0.07421635
2016.0;0.10451031
2017.0;0.084922664
2018.0;0.08267288
2019.0;0.14910856
2020.0;0.12612623
