2020.0;0.12022489;0.09484695;0.14832093
2021.0;0.12870878;0.100098915;0.16049838
2022.0;0.13719268;0.10535088;0.17267585
2023.0;0.14567658;0.11060285;0.1848533
2024.0;0.15416048;0.11585483;0.19703077
2025.0;0.16264437;0.121106796;0.20920822
2026.0;0.17112829;0.12635876;0.22138569
2027.0;0.17961219;0.13161074;0.23356314
2028.0;0.18809609;0.1368627;0.2457406
2029.0;0.19657998;0.14211467;0.25791806
2030.0;0.20506388;0.14736664;0.27009553
2031.0;0.21671973;0.15560308;0.28632835
2032.0;0.22837561;0.16383955;0.30256116
2033.0;0.24003147;0.17207602;0.31879398
2034.0;0.25168732;0.18031247;0.3350268
2035.0;0.26334321;0.18854892;0.35125962
2036.0;0.27499905;0.19678539;0.36749244
2037.0;0.28665492;0.20502183;0.38372526
2038.0;0.2983108;0.21325828;0.39995807
2039.0;0.30996662;0.22149473;0.4161909
2040.0;0.3216225;0.2297312;0.4324237
2041.0;0.33799762;0.24205175;0.45331013
2042.0;0.3543728;0.25437236;0.47419652
2043.0;0.37074792;0.26669294;0.49508294
2044.0;0.3871231;0.27901348;0.51596934
2045.0;0.40349823;0.29133403;0.53685576
2046.0;0.4198734;0.3036546;0.5577422
2047.0;0.43624854;0.3159752;0.5786286
2048.0;0.4526237;0.32829574;0.599515
2049.0;0.46899885;0.34061632;0.62040144
2050.0;0.485374;0.3529369;0.64128786
2051.0;0.50757456;0.37139013;0.66726536
2052.0;0.5297752;0.3898434;0.6932429
2053.0;0.55197585;0.40829664;0.71922046
2054.0;0.5741764;0.42674994;0.745198
2055.0;0.596377;0.44520316;0.7711755
2056.0;0.61857766;0.4636564;0.79715294
2057.0;0.64077824;0.48210964;0.8231305
2058.0;0.6629788;0.5005629;0.8491081
2059.0;0.6851795;0.51901615;0.8750856
2060.0;0.70738006;0.53746945;0.9010631
2061.0;0.73696893;0.559568;0.9312452
2062.0;0.7665579;0.5816666;0.9614274
2063.0;0.7961468;0.60376513;0.9916094
2064.0;0.8257357;0.62586373;1.0217915
2065.0;0.85532457;0.6479623;1.0519736
2066.0;0.88491344;0.6700609;1.0821557
2067.0;0.91450244;0.6921594;1.1123378
2068.0;0.9440913;0.714258;1.14252
2069.0;0.97368026;0.73635656;1.172702
2070.0;1.0032691;0.75845516;1.2028841
2071.0;1.0374713;0.78575766;1.239273
2072.0;1.0716735;0.8130603;1.275662
2073.0;1.1058757;0.8403629;1.3120509
2074.0;1.1400778;0.86766547;1.3484399
2075.0;1.17428;0.89496803;1.3848288
2076.0;1.2084821;0.92227066;1.4212179
2077.0;1.2426845;0.9495732;1.4576068
2078.0;1.2768866;0.9768758;1.4939958
2079.0;1.3110888;1.0041783;1.5303848
2080.0;1.345291;1.0314809;1.5667737
2081.0;1.3824855;1.0692409;1.6056253
2082.0;1.41968;1.107001;1.6444769
2083.0;1.4568745;1.1447611;1.6833286
2084.0;1.4940691;1.1825211;1.7221801
2085.0;1.5312637;1.2202811;1.7610317
2086.0;1.5684582;1.2580411;1.7998832
2087.0;1.6056527;1.2958012;1.838735
2088.0;1.6428473;1.3335612;1.8775867
2089.0;1.6800419;1.3713212;1.9164382
2090.0;1.7172363;1.4090813;1.95529
2091.0;1.7567732;1.4483138;1.9958483
2092.0;1.7963102;1.4875467;2.0364068
2093.0;1.8358471;1.5267793;2.076965
2094.0;1.8753841;1.5660119;2.1175234
2095.0;1.9149209;1.6052446;2.1580818
2096.0;1.9544578;1.6444772;2.19864
2097.0;1.9939947;1.6837099;2.2391984
2098.0;2.0335317;1.7229426;2.279757
2099.0;2.0730686;1.7621752;2.3203154
2100.0;2.1126056;1.8014078;2.3608737
2101.0;2.153589;1.8301524;2.4080234
2102.0;2.194573;1.8588972;2.455173
2103.0;2.2355568;1.8876418;2.5023227
2104.0;2.2765408;1.9163865;2.5494723
2105.0;2.3175244;1.9451311;2.596622
2106.0;2.3585083;1.9738758;2.6437716
2107.0;2.399492;2.0026205;2.6909213
2108.0;2.440476;2.031365;2.738071
2109.0;2.4814594;2.0601096;2.7852206
2110.0;2.5224433;2.0888543;2.8323703
2111.0;2.55928;2.1141927;2.8886712
2112.0;2.5961168;2.139531;2.9449723
2113.0;2.6329534;2.1648695;3.001273
2114.0;2.66979;2.190208;3.057574
2115.0;2.706627;2.2155464;3.113875
2116.0;2.7434633;2.2408848;3.1701758
2117.0;2.7803004;2.2662232;3.226477
2118.0;2.8171368;2.2915618;3.2827775
2119.0;2.8539736;2.3169003;3.3390784
2120.0;2.8908103;2.3422384;3.3953793
2121.0;2.9193017;2.3616745;3.4612484
2122.0;2.9477932;2.381111;3.5271177
2123.0;2.9762847;2.4005468;3.5929868
2124.0;3.0047762;2.419983;3.658856
2125.0;3.0332675;2.439419;3.724725
2126.0;3.0617588;2.458855;3.7905943
2127.0;3.0902503;2.478291;3.8564634
2128.0;3.118742;2.4977274;3.9223325
2129.0;3.1472332;2.5171633;3.9882016
2130.0;3.1757245;2.5365994;4.054071
2131.0;3.2045274;2.552294;4.123961
2132.0;3.2333305;2.5679886;4.1938515
2133.0;3.2621331;2.583683;4.2637415
2134.0;3.290936;2.5993779;4.333632
2135.0;3.3197389;2.6150723;4.4035225
2136.0;3.3485417;2.6307669;4.473412
2137.0;3.3773441;2.6464615;4.5433025
2138.0;3.4061475;2.662156;4.613193
2139.0;3.4349499;2.6778505;4.6830835
2140.0;3.463753;2.693545;4.7529736
2141.0;3.4920402;2.7092407;4.8243856
2142.0;3.5203276;2.7249365;4.895798
2143.0;3.5486147;2.7406318;4.967211
2144.0;3.5769022;2.7563276;5.038623
2145.0;3.6051888;2.772023;5.110035
2146.0;3.6334765;2.7877188;5.181448
2147.0;3.6617637;2.8034143;5.2528605
2148.0;3.6900508;2.81911;5.3242726
2149.0;3.7183378;2.8348055;5.3956847
2150.0;3.7466252;2.850501;5.4670973
