2020.0;0.1112523;0.08583231;0.13800119
2021.0;0.119370915;0.091325104;0.14908664
2022.0;0.12748955;0.09681791;0.16017212
2023.0;0.13560815;0.1023107;0.17125757
2024.0;0.14372678;0.107803494;0.18234304
2025.0;0.1518454;0.11329628;0.19342849
2026.0;0.15996403;0.11878908;0.20451395
2027.0;0.16808264;0.12428187;0.2155994
2028.0;0.17620125;0.12977467;0.22668485
2029.0;0.18431987;0.13526745;0.2377703
2030.0;0.1924385;0.14076026;0.24885577
2031.0;0.20234753;0.14798392;0.26284945
2032.0;0.21225657;0.15520759;0.27684313
2033.0;0.2221656;0.16243125;0.2908368
2034.0;0.23207465;0.16965494;0.3048305
2035.0;0.24198367;0.1768786;0.3188242
2036.0;0.25189275;0.18410227;0.33281788
2037.0;0.26180175;0.19132593;0.34681156
2038.0;0.27171078;0.19854963;0.36080524
2039.0;0.28161985;0.20577328;0.37479892
2040.0;0.29152888;0.21299694;0.3887926
2041.0;0.30430555;0.2229519;0.4061563
2042.0;0.31708223;0.23290686;0.4235201
2043.0;0.3298589;0.2428618;0.4408838
2044.0;0.34263557;0.25281677;0.45824754
2045.0;0.35541221;0.26277173;0.47561124
2046.0;0.3681889;0.27272668;0.49297497
2047.0;0.3809655;0.2826816;0.51033866
2048.0;0.39374217;0.29263657;0.5277024
2049.0;0.40651885;0.30259153;0.5450661
2050.0;0.41929552;0.3125465;0.56242985
2051.0;0.43594643;0.32559907;0.58158624
2052.0;0.45259738;0.3386517;0.6007427
2053.0;0.4692483;0.35170424;0.619899
2054.0;0.48589924;0.36475682;0.63905543
2055.0;0.5025501;0.37780944;0.65821177
2056.0;0.51920104;0.39086202;0.67736816
2057.0;0.535852;0.4039146;0.69652456
2058.0;0.55250293;0.4169672;0.7156809
2059.0;0.5691538;0.4300198;0.7348373
2060.0;0.58580476;0.44307238;0.75399363
2061.0;0.60665834;0.4585614;0.7760547
2062.0;0.627512;0.4740504;0.7981158
2063.0;0.6483656;0.4895394;0.8201768
2064.0;0.66921926;0.5050284;0.8422379
2065.0;0.6900729;0.52051747;0.86429894
2066.0;0.7109265;0.53600645;0.88636
2067.0;0.73178005;0.5514955;0.90842104
2068.0;0.75263375;0.5669845;0.93048203
2069.0;0.7734873;0.5824735;0.9525431
2070.0;0.79434097;0.5979625;0.9746042
2071.0;0.8176877;0.61651415;1.0015935
2072.0;0.8410346;0.6350658;1.0285829
2073.0;0.8643814;0.65361744;1.0555722
2074.0;0.8877282;0.6721691;1.0825615
2075.0;0.911075;0.6907207;1.109551
2076.0;0.9344219;0.7092723;1.1365402
2077.0;0.9577687;0.727824;1.1635295
2078.0;0.9811154;0.7463756;1.190519
2079.0;1.0044622;0.7649272;1.2175082
2080.0;1.027809;0.7834788;1.2444975
2081.0;1.0548962;0.8050784;1.2718145
2082.0;1.0819834;0.826678;1.2991316
2083.0;1.1090705;0.84827757;1.3264484
2084.0;1.1361579;0.86987716;1.3537656
2085.0;1.1632448;0.8914767;1.3810825
2086.0;1.190332;0.9130763;1.4083996
2087.0;1.2174193;0.9346758;1.4357164
2088.0;1.2445065;0.9562754;1.4630336
2089.0;1.2715935;0.977875;1.4903506
2090.0;1.2986808;0.9994745;1.5176675
2091.0;1.3281877;1.0198072;1.5466008
2092.0;1.3576949;1.0401398;1.5755342
2093.0;1.3872018;1.0604724;1.6044673
2094.0;1.4167087;1.0808051;1.6334008
2095.0;1.4462157;1.1011375;1.662334
2096.0;1.4757227;1.1214702;1.6912674
2097.0;1.5052296;1.1418029;1.7202005
2098.0;1.5347365;1.1621355;1.749134
2099.0;1.5642437;1.182468;1.7780671
2100.0;1.5937506;1.2028006;1.8070005
