2020.0;0.11172132;0.086367354;0.13797797
2021.0;0.11884828;0.09167999;0.14709286
2022.0;0.12597525;0.09699263;0.1562078
2023.0;0.13310222;0.10230527;0.16532269
2024.0;0.14022918;0.10761791;0.1744376
2025.0;0.14735614;0.112930536;0.1835525
2026.0;0.15448311;0.118243165;0.19266742
2027.0;0.16161007;0.12355581;0.20178232
2028.0;0.16873702;0.12886845;0.21089724
2029.0;0.17586398;0.13418108;0.22001214
2030.0;0.18299095;0.13949372;0.22912705
2031.0;0.19105093;0.14573179;0.23955694
2032.0;0.19911093;0.15196986;0.24998684
2033.0;0.2071709;0.15820795;0.26041675
2034.0;0.21523091;0.16444601;0.2708466
2035.0;0.22329089;0.1706841;0.28127652
2036.0;0.23135085;0.17692219;0.2917064
2037.0;0.23941086;0.18316025;0.3021363
2038.0;0.24747086;0.18939833;0.31256622
2039.0;0.25553083;0.19563639;0.32299608
2040.0;0.2635908;0.20187448;0.333426
2041.0;0.27285373;0.20940848;0.34469754
2042.0;0.28211668;0.2169425;0.35596916
2043.0;0.29137957;0.2244765;0.3672407
2044.0;0.30064252;0.23201053;0.37851226
2045.0;0.30990544;0.23954453;0.3897838
2046.0;0.31916833;0.24707854;0.4010554
2047.0;0.32843128;0.25461254;0.41232693
2048.0;0.33769423;0.26214653;0.4235985
2049.0;0.34695712;0.26968053;0.43487006
2050.0;0.35622004;0.27721456;0.44614163
2051.0;0.36663732;0.2864018;0.45825517
2052.0;0.37705463;0.29558903;0.47036868
2053.0;0.3874719;0.30477628;0.4824822
2054.0;0.39788923;0.3139635;0.49459577
2055.0;0.4083065;0.32315072;0.5067093
2056.0;0.41872382;0.33233795;0.5188228
2057.0;0.4291411;0.34152517;0.53093636
2058.0;0.43955842;0.3507124;0.5430499
2059.0;0.44997567;0.35989967;0.5551634
2060.0;0.46039298;0.3690869;0.5672769
2061.0;0.47275567;0.37953836;0.5815792
2062.0;0.48511842;0.38998988;0.59588146
2063.0;0.49748114;0.40044135;0.6101838
2064.0;0.5098439;0.4108928;0.6244861
2065.0;0.52220654;0.4213443;0.63878834
2066.0;0.53456926;0.43179584;0.65309066
2067.0;0.546932;0.44224727;0.66739297
2068.0;0.55929476;0.4526988;0.6816952
2069.0;0.5716574;0.46315023;0.69599754
2070.0;0.58402014;0.47360176;0.7102998
2071.0;0.59887487;0.4861366;0.72670984
2072.0;0.61372966;0.4986715;0.7431199
2073.0;0.6285844;0.5112064;0.7595298
2074.0;0.64343923;0.52374125;0.7759398
2075.0;0.65829396;0.5362761;0.7923499
2076.0;0.67314875;0.54881096;0.80875987
2077.0;0.6880035;0.5613459;0.82516986
2078.0;0.7028582;0.57388073;0.84157985
2079.0;0.717713;0.5864156;0.85798985
2080.0;0.7325677;0.5989505;0.87439984
2081.0;0.75093174;0.6152371;0.8926367
2082.0;0.7692957;0.6315237;0.91087365
2083.0;0.7876597;0.6478104;0.9291106
2084.0;0.8060237;0.6640971;0.9473475
2085.0;0.82438767;0.6803837;0.96558434
2086.0;0.8427517;0.6966703;0.9838213
2087.0;0.86111563;0.7129569;1.0020583
2088.0;0.87947965;0.7292435;1.0202951
2089.0;0.8978436;0.7455301;1.038532
2090.0;0.9162077;0.7618168;1.0567689
2091.0;0.9381089;0.7779275;1.0804497
2092.0;0.96001023;0.7940383;1.1041305
2093.0;0.98191154;0.810149;1.1278113
2094.0;1.0038129;0.8262598;1.1514921
2095.0;1.0257142;0.8423705;1.1751728
2096.0;1.0476155;0.8584812;1.1988536
2097.0;1.0695169;0.874592;1.2225344
2098.0;1.0914181;0.8907027;1.2462151
2099.0;1.1133193;0.9068135;1.2698959
2100.0;1.1352206;0.9229242;1.2935767
