1920.0;-0.124546625
1921.0;-0.09929182
1922.0;-0.11799063
1923.0;-0.1432335
1924.0;-0.11004765
1925.0;-0.088206895
1926.0;-0.120239526
1927.0;-0.10111692
1928.0;-0.09612355
1929.0;-0.10749793
1930.0;-0.07715118
1931.0;-0.106010236
1932.0;-0.08533347
1933.0;-0.11346368
1934.0;-0.06822987
1935.0;-0.0643371
1936.0;-0.07579205
1937.0;-0.051630188
1938.0;-0.023592105
1939.0;-0.057718214
1940.0;-0.047883395
1941.0;-0.011357835
1942.0;-0.03265419
1943.0;-0.024135461
1944.0;-0.050059706
1945.0;-0.041322526
1946.0;-0.02779687
1947.0;-0.06413935
1948.0;-0.047821824
1949.0;-0.032137305
1950.0;-0.014098527
1951.0;-0.0059200143
1952.0;-0.015845343
1953.0;-0.04041866
1954.0;-0.003630183
1955.0;-0.015288998
1956.0;-0.0009287727
1957.0;-0.009491421
1958.0;0.0033030617
1959.0;-0.0065302057
1960.0;-0.042754244
1961.0;-0.018518459
1962.0;0.0046039172
1963.0;-0.009007088
1964.0;-0.034312848
1965.0;-0.016833764
1966.0;-0.029481236
1967.0;0.010522265
1968.0;-0.023962088
1969.0;0.016609738
1970.0;-0.018937305
1971.0;-0.012222989
1972.0;0.00033527685
1973.0;-0.0139450105
1974.0;0.0011181156
1975.0;-0.019676697
1976.0;-0.015377475
1977.0;-0.057308387
1978.0;-0.010602785
1979.0;-0.045402832
1980.0;-0.035334963
1981.0;-0.02704462
1982.0;0.010682719
1983.0;0.059888627
1984.0;-0.004842534
1985.0;-0.048395667
1986.0;-0.019211948
1987.0;-0.05304586
1988.0;-0.049522407
1989.0;-0.023770759
1990.0;-0.025614113
1991.0;-0.024146106
1992.0;0.029332291
1993.0;0.005493455
1994.0;-0.016150504
1995.0;0.012288466
1996.0;-0.011974295
1997.0;0.016284728
1998.0;0.029428951
1999.0;-0.01093955
2000.0;-0.00014255213
2001.0;-0.012668334
2002.0;-0.019024432
2003.0;-0.0029510143
2004.0;0.010459487
2005.0;0.020252133
2006.0;0.022268925
2007.0;-0.021436008
2008.0;0.026173618
2009.0;0.011871959
2010.0;0.02677164
2011.0;0.039744437
2012.0;0.031248871
2013.0;0.0023752416
2014.0;0.06622368
2015.0;0.067587465
2016.0;0.033774026
2017.0;0.07274953
2018.0;0.058985908
2019.0;0.060365647
2020.0;0.055936363
