1994.0;-0.020286357
1995.0;-0.010270887
1996.0;-0.01888723
1997.0;-0.0037697258
1998.0;0.029557843
1999.0;0.004817462
2000.0;0.009377099
2001.0;-0.0071175117
2002.0;-0.014025539
2003.0;-0.00015148544
2004.0;0.011574052
2005.0;0.016940469
2006.0;0.013175735
2007.0;-0.0077212774
2008.0;0.02862772
2009.0;0.023340167
2010.0;0.042681754
2011.0;0.037150856
2012.0;0.034336086
2013.0;0.016176928
2014.0;0.0415837
2015.0;0.052087598
2016.0;0.044649437
2017.0;0.06014052
2018.0;0.058398716
2019.0;0.05345544
2020.0;0.07224744
