2020.0;0.076453075;0.052950315;0.10428655
2021.0;0.08236743;0.05681513;0.11334943
2022.0;0.08828178;0.060679946;0.122412324
2023.0;0.09419615;0.06454477;0.13147521
2024.0;0.1001105;0.068409584;0.14053808
2025.0;0.106024854;0.0722744;0.14960097
2026.0;0.11193922;0.07613921;0.15866387
2027.0;0.117853574;0.08000403;0.16772673
2028.0;0.12376793;0.083868854;0.17678963
2029.0;0.12968229;0.087733656;0.18585251
2030.0;0.13559665;0.09159848;0.19491538
2031.0;0.14513457;0.09765621;0.20973562
2032.0;0.1546725;0.10371396;0.22455585
2033.0;0.16421042;0.1097717;0.23937607
2034.0;0.17374836;0.11582944;0.2541963
2035.0;0.18328626;0.12188717;0.2690165
2036.0;0.19282418;0.1279449;0.28383672
2037.0;0.20236212;0.13400266;0.29865694
2038.0;0.21190004;0.14006038;0.31347716
2039.0;0.22143796;0.14611812;0.32829744
2040.0;0.2309759;0.15217586;0.34311765
2041.0;0.24612075;0.16276243;0.36307248
2042.0;0.26126567;0.17334902;0.38302732
2043.0;0.27641052;0.18393563;0.40298215
2044.0;0.29155543;0.19452222;0.422937
2045.0;0.30670026;0.20510879;0.44289184
2046.0;0.32184514;0.21569537;0.46284667
2047.0;0.33699006;0.22628196;0.48280153
2048.0;0.35213488;0.23686855;0.50275636
2049.0;0.3672798;0.24745512;0.52271116
2050.0;0.38242465;0.2580417;0.542666
2051.0;0.4053759;0.27537385;0.5681378
2052.0;0.4283271;0.292706;0.59360963
2053.0;0.45127836;0.31003815;0.6190814
2054.0;0.47422957;0.32737035;0.6445532
2055.0;0.4971808;0.34470245;0.67002493
2056.0;0.520132;0.36203462;0.6954967
2057.0;0.54308325;0.37936676;0.7209685
2058.0;0.5660345;0.39669892;0.7464403
2059.0;0.58898574;0.41403106;0.77191204
2060.0;0.6119369;0.43136322;0.79738384
2061.0;0.6416319;0.4528923;0.8270298
2062.0;0.6713269;0.47442138;0.85667586
2063.0;0.7010219;0.49595043;0.88632184
2064.0;0.73071694;0.5174795;0.9159678
2065.0;0.76041186;0.5390086;0.94561374
2066.0;0.7901069;0.56053764;0.9752598
2067.0;0.81980187;0.5820668;1.0049058
2068.0;0.84949684;0.60359585;1.0345517
2069.0;0.8791918;0.62512493;1.0641978
2070.0;0.9088868;0.646654;1.0938437
2071.0;0.94363505;0.67851824;1.1281139
2072.0;0.9783833;0.71038246;1.162384
2073.0;1.0131316;0.7422467;1.1966541
2074.0;1.0478799;0.774111;1.2309244
2075.0;1.082628;0.8059752;1.2651943
2076.0;1.1173763;0.8378395;1.2994645
2077.0;1.1521246;0.8697037;1.3337346
2078.0;1.1868728;0.901568;1.3680047
2079.0;1.221621;0.93343216;1.4022747
2080.0;1.2563694;0.96529645;1.4365449
2081.0;1.2945316;1.0066531;1.4746218
2082.0;1.3326938;1.0480098;1.512699
2083.0;1.370856;1.0893663;1.5507759
2084.0;1.4090183;1.1307229;1.5888529
2085.0;1.4471805;1.1720794;1.6269298
2086.0;1.4853427;1.2134361;1.6650069
2087.0;1.5235049;1.2547927;1.7030838
2088.0;1.5616672;1.2961494;1.7411608
2089.0;1.5998294;1.3375059;1.7792376
2090.0;1.6379917;1.3788625;1.8173147
2091.0;1.6762874;1.4198886;1.8572392
2092.0;1.7145832;1.4609149;1.8971641
2093.0;1.7528787;1.5019408;1.9370886
2094.0;1.7911743;1.542967;1.9770135
2095.0;1.8294699;1.583993;2.016938
2096.0;1.8677657;1.6250191;2.0568626
2097.0;1.9060613;1.6660451;2.0967875
2098.0;1.9443569;1.7070712;2.1367118
2099.0;1.9826525;1.7480972;2.1766367
2100.0;2.0209482;1.7891233;2.2165613
2101.0;2.061256;1.8184311;2.263662
2102.0;2.1015635;1.8477392;2.310763
2103.0;2.1418705;1.877047;2.3578637
2104.0;2.1821783;1.906355;2.4049644
2105.0;2.2224858;1.9356629;2.4520655
2106.0;2.2627935;1.9649708;2.499166
2107.0;2.3031008;1.9942786;2.5462668
2108.0;2.3434083;2.0235868;2.5933676
2109.0;2.383716;2.0528946;2.6404686
2110.0;2.4240234;2.0822024;2.6875694
2111.0;2.4582226;2.1061723;2.7455835
2112.0;2.4924219;2.1301425;2.8035977
2113.0;2.5266209;2.1541123;2.8616118
2114.0;2.56082;2.1780825;2.9196262
2115.0;2.595019;2.2020524;2.9776404
2116.0;2.6292183;2.2260222;3.0356548
2117.0;2.6634176;2.2499921;3.0936687
2118.0;2.6976168;2.2739623;3.151683
2119.0;2.7318156;2.2979321;3.2096972
2120.0;2.7660148;2.321902;3.2677114
2121.0;2.7943966;2.3428416;3.3335228
2122.0;2.8227787;2.3637812;3.399334
2123.0;2.851161;2.3847208;3.4651456
2124.0;2.879543;2.4056602;3.5309567
2125.0;2.907925;2.4265995;3.5967681
2126.0;2.9363067;2.447539;3.6625793
2127.0;2.9646885;2.4684784;3.7283907
2128.0;2.9930706;2.4894183;3.7942019
2129.0;3.0214527;2.5103574;3.8600132
2130.0;3.0498345;2.5312972;3.9258244
2131.0;3.0795617;2.5461812;3.9965432
2132.0;3.1092892;2.5610654;4.067262
2133.0;3.1390162;2.5759497;4.1379814
2134.0;3.1687436;2.590834;4.2087
2135.0;3.1984706;2.6057184;4.279419
2136.0;3.228198;2.6206026;4.3501377
2137.0;3.2579253;2.6354866;4.4208565
2138.0;3.2876523;2.6503706;4.4915757
2139.0;3.31738;2.665255;4.5622945
2140.0;3.347107;2.680139;4.6330132
2141.0;3.375105;2.6877587;4.705163
2142.0;3.4031029;2.6953783;4.7773137
2143.0;3.4311008;2.7029982;4.8494635
2144.0;3.4590988;2.7106178;4.921613
2145.0;3.4870968;2.7182372;4.9937634
2146.0;3.5150948;2.7258565;5.0659137
2147.0;3.5430925;2.7334764;5.1380634
2148.0;3.5710905;2.741096;5.210213
2149.0;3.5990884;2.7487154;5.2823634
2150.0;3.6270864;2.756335;5.3545136
