2020.0;0.06743657;0.042360183;0.095219955
2021.0;0.07137545;0.04534453;0.09993122
2022.0;0.07531433;0.048328884;0.10464248
2023.0;0.07925322;0.051313233;0.10935374
2024.0;0.0831921;0.05429758;0.11406501
2025.0;0.08713098;0.05728193;0.11877627
2026.0;0.09106986;0.06026628;0.12348753
2027.0;0.095008746;0.06325062;0.12819879
2028.0;0.09894762;0.066234976;0.13291004
2029.0;0.102886505;0.06921933;0.13762133
2030.0;0.10682539;0.07220367;0.14233258
2031.0;0.111164585;0.07548438;0.14774963
2032.0;0.11550378;0.078765094;0.15316668
2033.0;0.119842984;0.08204579;0.15858375
2034.0;0.12418219;0.08532651;0.1640008
2035.0;0.12852138;0.08860721;0.16941783
2036.0;0.13286059;0.09188791;0.17483488
2037.0;0.13719979;0.09516862;0.18025193
2038.0;0.14153899;0.098449335;0.18566898
2039.0;0.14587818;0.101730034;0.19108602
2040.0;0.15021738;0.10501074;0.19650309
2041.0;0.15495573;0.10881136;0.20250937
2042.0;0.1596941;0.11261199;0.20851567
2043.0;0.16443247;0.116412595;0.21452194
2044.0;0.16917084;0.120213225;0.22052826
2045.0;0.1739092;0.12401384;0.22653453
2046.0;0.17864756;0.12781446;0.23254082
2047.0;0.18338592;0.13161509;0.2385471
2048.0;0.18812428;0.13541569;0.2445534
2049.0;0.19286266;0.13921632;0.2505597
2050.0;0.19760102;0.14301693;0.256566
2051.0;0.20260945;0.14711948;0.2627914
2052.0;0.20761788;0.15122202;0.26901677
2053.0;0.21262631;0.15532456;0.27524218
2054.0;0.21763475;0.1594271;0.2814676
2055.0;0.22264317;0.16352965;0.287693
2056.0;0.22765161;0.1676322;0.2939184
2057.0;0.23266004;0.17173474;0.30014378
2058.0;0.23766847;0.17583728;0.3063692
2059.0;0.2426769;0.17993982;0.31259456
2060.0;0.24768533;0.18404236;0.31881997
2061.0;0.2529142;0.18837677;0.3252467
2062.0;0.2581431;0.19271117;0.3316735
2063.0;0.26337194;0.1970456;0.33810025
2064.0;0.26860082;0.20138;0.34452704
2065.0;0.2738297;0.2057144;0.3509538
2066.0;0.2790586;0.2100488;0.35738057
2067.0;0.28428748;0.21438321;0.36380732
2068.0;0.28951636;0.21871763;0.37023407
2069.0;0.29474524;0.22305204;0.37666082
2070.0;0.29997408;0.22738644;0.38308758
2071.0;0.30584776;0.23222448;0.39033234
2072.0;0.3117215;0.23706251;0.3975771
2073.0;0.31759518;0.24190053;0.4048219
2074.0;0.3234689;0.24673857;0.41206667
2075.0;0.3293426;0.2515766;0.41931146
2076.0;0.3352163;0.25641462;0.4265562
2077.0;0.34109;0.26125264;0.433801
2078.0;0.34696367;0.2660907;0.4410458
2079.0;0.35283738;0.27092874;0.44829056
2080.0;0.3587111;0.27576676;0.45553532
2081.0;0.36496902;0.28086066;0.46290872
2082.0;0.371227;0.28595454;0.47028214
2083.0;0.37748492;0.29104844;0.47765556
2084.0;0.3837429;0.29614234;0.48502895
2085.0;0.39000082;0.3012362;0.49240234
2086.0;0.39625877;0.3063301;0.49977577
2087.0;0.40251672;0.311424;0.50714916
2088.0;0.40877464;0.3165179;0.5145226
2089.0;0.41503263;0.3216118;0.521896
2090.0;0.42129055;0.32670566;0.5292694
2091.0;0.42732587;0.3309959;0.53758824
2092.0;0.43336114;0.3352861;0.5459071
2093.0;0.43939644;0.3395763;0.554226
2094.0;0.44543177;0.34386653;0.5625448
2095.0;0.45146704;0.34815675;0.57086366
2096.0;0.4575024;0.35244697;0.5791825
2097.0;0.46353766;0.3567372;0.58750135
2098.0;0.46957296;0.36102736;0.5958202
2099.0;0.47560826;0.36531758;0.60413903
2100.0;0.48164356;0.3696078;0.6124579
2101.0;0.48785144;0.3741209;0.6201177
2102.0;0.49405932;0.37863398;0.6277776
2103.0;0.5002672;0.38314703;0.6354374
2104.0;0.5064751;0.38766012;0.6430973
2105.0;0.512683;0.3921732;0.6507571
2106.0;0.51889086;0.3966863;0.6584169
2107.0;0.52509874;0.40119934;0.6660768
2108.0;0.5313066;0.40571243;0.67373663
2109.0;0.5375145;0.41022545;0.6813965
2110.0;0.5437224;0.41473857;0.68905634
2111.0;0.55012286;0.41928655;0.6972239
2112.0;0.5565233;0.42383462;0.70539135
2113.0;0.5629238;0.42838264;0.7135589
2114.0;0.5693242;0.43293068;0.7217264
2115.0;0.5757246;0.4374787;0.7298939
2116.0;0.5821251;0.4420267;0.7380615
2117.0;0.58852553;0.44657475;0.74622893
2118.0;0.59492594;0.45112273;0.7543965
2119.0;0.6013264;0.4556708;0.76256394
2120.0;0.6077269;0.46021882;0.7707315
2121.0;0.6141716;0.4647531;0.77909094
2122.0;0.6206164;0.4692874;0.7874505
2123.0;0.6270611;0.47382167;0.7958099
2124.0;0.633506;0.47835594;0.8041695
2125.0;0.6399507;0.4828902;0.8125289
2126.0;0.64639544;0.4874245;0.8208884
2127.0;0.6528402;0.49195877;0.82924795
2128.0;0.65928495;0.49649307;0.83760744
2129.0;0.66572976;0.5010273;0.8459669
2130.0;0.6721745;0.5055616;0.85432637
2131.0;0.67875266;0.5100532;0.86350644
2132.0;0.685331;0.51454484;0.87268656
2133.0;0.6919092;0.5190364;0.8818666
2134.0;0.6984874;0.5235281;0.89104676
2135.0;0.7050656;0.52801967;0.90022683
2136.0;0.7116438;0.5325113;0.90940684
2137.0;0.718222;0.5370029;0.9185869
2138.0;0.7248003;0.5414945;0.9277671
2139.0;0.7313785;0.54598606;0.93694717
2140.0;0.7379567;0.55047774;0.9461272
2141.0;0.74467623;0.554873;0.9561527
2142.0;0.75139576;0.55926824;0.9661781
2143.0;0.75811523;0.5636636;0.9762035
2144.0;0.76483476;0.56805885;0.986229
2145.0;0.77155423;0.5724541;0.9962544
2146.0;0.7782738;0.57684934;1.0062798
2147.0;0.7849933;0.58124465;1.0163053
2148.0;0.79171276;0.5856399;1.0263307
2149.0;0.7984323;0.59003514;1.0363562
2150.0;0.8051518;0.59443045;1.0463816
