2020.0;0.073893;0.048530735;0.09961314
2021.0;0.07815169;0.052108396;0.105094895
2022.0;0.08241039;0.055686053;0.11057667
2023.0;0.08666907;0.059263717;0.116058424
2024.0;0.090927765;0.06284137;0.12154019
2025.0;0.095186464;0.06641903;0.12702194
2026.0;0.09944514;0.06999669;0.1325037
2027.0;0.103703834;0.07357435;0.13798547
2028.0;0.107962534;0.07715201;0.14346723
2029.0;0.11222122;0.08072967;0.148949
2030.0;0.11647991;0.08430733;0.15443076
2031.0;0.12201945;0.08831309;0.16205625
2032.0;0.12755899;0.09231885;0.16968179
2033.0;0.13309851;0.096324615;0.17730731
2034.0;0.13863806;0.100330375;0.18493283
2035.0;0.1441776;0.104336135;0.19255835
2036.0;0.14971714;0.10834189;0.20018387
2037.0;0.15525667;0.112347655;0.20780939
2038.0;0.16079621;0.116353415;0.21543491
2039.0;0.16633573;0.120359175;0.22306043
2040.0;0.17187527;0.124364935;0.23068595
2041.0;0.17884225;0.12980835;0.23996834
2042.0;0.18580921;0.13525176;0.24925075
2043.0;0.19277616;0.14069515;0.25853318
2044.0;0.19974314;0.14613858;0.26781556
2045.0;0.20671009;0.15158197;0.27709797
2046.0;0.21367705;0.1570254;0.28638038
2047.0;0.22064401;0.16246879;0.2956628
2048.0;0.22761096;0.1679122;0.30494517
2049.0;0.23457792;0.17335561;0.31422758
2050.0;0.24154489;0.17879902;0.32351
2051.0;0.25001433;0.1852343;0.33460212
2052.0;0.25848383;0.19166958;0.34569427
2053.0;0.2669533;0.19810486;0.35678643
2054.0;0.27542275;0.20454016;0.36787862
2055.0;0.2838922;0.21097544;0.3789707
2056.0;0.2923617;0.2174107;0.39006287
2057.0;0.30083114;0.223846;0.40115502
2058.0;0.3093006;0.23028128;0.41224715
2059.0;0.3177701;0.23671658;0.42333934
2060.0;0.32623953;0.24315186;0.43443146
2061.0;0.33650318;0.2513016;0.4473445
2062.0;0.34676686;0.2594513;0.46025753
2063.0;0.35703048;0.267601;0.47317058
2064.0;0.36729413;0.27575073;0.48608363
2065.0;0.37755778;0.2839004;0.49899668
2066.0;0.3878214;0.29205015;0.5119097
2067.0;0.39808506;0.30019984;0.5248228
2068.0;0.40834868;0.30834958;0.53773576
2069.0;0.41861236;0.31649926;0.55064887
2070.0;0.428876;0.32464898;0.5635619
2071.0;0.44219902;0.3356401;0.57840407
2072.0;0.45552203;0.34663126;0.5932462
2073.0;0.46884507;0.35762239;0.60808843
2074.0;0.48216808;0.3686135;0.6229306
2075.0;0.4954911;0.3796046;0.63777274
2076.0;0.50881416;0.39059576;0.652615
2077.0;0.52213717;0.40158692;0.66745716
2078.0;0.5354601;0.41257802;0.6822993
2079.0;0.5487832;0.42356914;0.69714147
2080.0;0.5621062;0.43456027;0.7119836
2081.0;0.5803372;0.44996643;0.7291139
2082.0;0.59856826;0.46537262;0.74624413
2083.0;0.61679924;0.48077878;0.7633744
2084.0;0.63503027;0.49618495;0.7805047
2085.0;0.65326136;0.5115911;0.7976349
2086.0;0.67149234;0.52699727;0.81476516
2087.0;0.6897234;0.5424034;0.8318955
2088.0;0.70795435;0.5578096;0.84902567
2089.0;0.72618544;0.5732158;0.8661559
2090.0;0.7444164;0.5886219;0.8832862
2091.0;0.7643874;0.60380226;0.904768
2092.0;0.7843585;0.61898255;0.92624974
2093.0;0.8043296;0.63416284;0.94773155
2094.0;0.82430065;0.6493432;0.96921337
2095.0;0.84427166;0.6645235;0.99069506
2096.0;0.8642427;0.67970383;1.0121769
2097.0;0.88421375;0.6948842;1.0336587
2098.0;0.9041848;0.7100645;1.0551404
2099.0;0.92415583;0.72524476;1.0766222
2100.0;0.9441269;0.7404251;1.098104
2101.0;0.9661216;0.7535804;1.1268038
2102.0;0.9881165;0.7667358;1.1555034
2103.0;1.0101113;0.77989113;1.1842031
2104.0;1.032106;0.7930465;1.2129028
2105.0;1.054101;0.80620176;1.2416025
2106.0;1.0760957;0.81935704;1.2703023
2107.0;1.0980905;0.83251244;1.2990019
2108.0;1.1200854;0.8456677;1.3277017
2109.0;1.1420802;0.85882306;1.3564012
2110.0;1.1640749;0.8719784;1.385101
2111.0;1.1837273;0.88399416;1.4247714
2112.0;1.2033796;0.8960099;1.4644423
2113.0;1.2230321;0.90802574;1.5041128
2114.0;1.2426845;0.9200415;1.5437834
2115.0;1.2623369;0.93205726;1.5834541
2116.0;1.2819891;0.94407314;1.6231247
2117.0;1.3016415;0.95608884;1.6627953
2118.0;1.3212938;0.9681046;1.7024658
2119.0;1.3409462;0.9801204;1.7421365
2120.0;1.3605987;0.9921362;1.7818072
2121.0;1.3775904;1.0035194;1.8335363
2122.0;1.3945825;1.0149026;1.8852655
2123.0;1.4115745;1.0262859;1.9369947
2124.0;1.4285665;1.0376692;1.9887239
2125.0;1.4455583;1.0490524;2.040453
2126.0;1.4625503;1.0604355;2.0921822
2127.0;1.4795423;1.0718188;2.1439114
2128.0;1.4965342;1.0832021;2.1956406
2129.0;1.5135261;1.0945854;2.2473695
2130.0;1.530518;1.1059686;2.299099
2131.0;1.5472685;1.1165353;2.363425
2132.0;1.5640193;1.1271019;2.4277515
2133.0;1.5807699;1.1376687;2.4920776
2134.0;1.5975205;1.1482353;2.5564039
2135.0;1.6142712;1.158802;2.62073
2136.0;1.6310217;1.1693686;2.6850562
2137.0;1.6477723;1.1799353;2.7493825
2138.0;1.664523;1.1905019;2.8137088
2139.0;1.6812736;1.2010688;2.8780348
2140.0;1.6980242;1.2116354;2.942361
2141.0;1.7143786;1.2212808;3.0194578
2142.0;1.7307332;1.2309263;3.0965543
2143.0;1.7470876;1.2405717;3.173651
2144.0;1.7634422;1.2502172;3.2507474
2145.0;1.7797966;1.2598625;3.3278437
2146.0;1.7961512;1.269508;3.4049404
2147.0;1.8125056;1.2791535;3.482037
2148.0;1.8288602;1.2887988;3.5591335
2149.0;1.8452146;1.2984444;3.63623
2150.0;1.861569;1.3080897;3.7133267
