2020.0;0.07609067;0.046628043;0.103717834
2021.0;0.08130275;0.050364595;0.111696854
2022.0;0.08651484;0.054101147;0.119675875
2023.0;0.091726914;0.05783769;0.12765491
2024.0;0.09693901;0.06157425;0.13563393
2025.0;0.10215109;0.06531079;0.14361295
2026.0;0.107363164;0.06904735;0.15159197
2027.0;0.11257525;0.072783895;0.15957099
2028.0;0.11778734;0.07652045;0.16755
2029.0;0.12299942;0.080257;0.17552902
2030.0;0.1282115;0.08399355;0.18350805
2031.0;0.13566454;0.0891217;0.19526102
2032.0;0.14311756;0.094249845;0.20701398
2033.0;0.15057059;0.09937799;0.21876696
2034.0;0.15802364;0.10450614;0.2305199
2035.0;0.16547665;0.10963429;0.24227287
2036.0;0.17292969;0.11476243;0.25402585
2037.0;0.18038271;0.11989058;0.2657788
2038.0;0.18783577;0.12501873;0.27753177
2039.0;0.19528879;0.13014688;0.2892847
2040.0;0.20274182;0.13527502;0.3010377
2041.0;0.21395707;0.14360474;0.31630966
2042.0;0.22517233;0.15193447;0.33158168
2043.0;0.23638758;0.1602642;0.3468537
2044.0;0.24760285;0.1685939;0.3621257
2045.0;0.2588181;0.17692363;0.37739772
2046.0;0.27003333;0.18525335;0.3926697
2047.0;0.2812486;0.19358307;0.40794167
2048.0;0.29246384;0.20191279;0.4232137
2049.0;0.3036791;0.21024252;0.43848568
2050.0;0.31489435;0.21857223;0.4537577
2051.0;0.330542;0.22929947;0.47223765
2052.0;0.34618965;0.24002671;0.49071765
2053.0;0.36183727;0.25075397;0.5091976
2054.0;0.37748492;0.2614812;0.5276776
2055.0;0.39313257;0.27220842;0.5461576
2056.0;0.40878022;0.28293568;0.56463754
2057.0;0.42442787;0.2936629;0.58311754
2058.0;0.4400755;0.30439016;0.6015975
2059.0;0.4557231;0.3151174;0.62007743
2060.0;0.47137076;0.32584465;0.63855743
2061.0;0.4922122;0.33975312;0.66084254
2062.0;0.5130537;0.35366166;0.68312764
2063.0;0.5338952;0.36757013;0.70541275
2064.0;0.5547367;0.38147864;0.72769785
2065.0;0.5755782;0.39538714;0.7499829
2066.0;0.5964197;0.40929565;0.77226806
2067.0;0.6172612;0.42320412;0.7945531
2068.0;0.63810265;0.43711263;0.81683826
2069.0;0.6589441;0.45102113;0.83912337
2070.0;0.6797856;0.46492967;0.8614085
2071.0;0.7038989;0.48303837;0.8864177
2072.0;0.7280123;0.5011471;0.911427
2073.0;0.7521256;0.5192558;0.93643624
2074.0;0.77623904;0.5373645;0.9614455
2075.0;0.8003523;0.55547327;0.9864547
2076.0;0.8244657;0.573582;1.011464
2077.0;0.848579;0.59169066;1.0364732
2078.0;0.8726924;0.6097994;1.0614824
2079.0;0.8968057;0.6279082;1.0864917
2080.0;0.92091906;0.64601684;1.111501
2081.0;0.9477606;0.6698258;1.1383541
2082.0;0.97460216;0.69363475;1.1652071
2083.0;1.0014436;0.7174437;1.1920602
2084.0;1.0282851;0.74125266;1.2189133
2085.0;1.0551267;0.7650616;1.2457664
2086.0;1.0819683;0.78887063;1.2726195
2087.0;1.1088098;0.8126795;1.2994726
2088.0;1.1356512;0.8364885;1.3263255
2089.0;1.1624928;0.86029744;1.3531787
2090.0;1.1893344;0.8841064;1.3800317
2091.0;1.216728;0.90504193;1.4071864
2092.0;1.2441218;0.92597747;1.434341
2093.0;1.2715156;0.94691294;1.4614956
2094.0;1.2989094;0.96784866;1.4886503
2095.0;1.3263032;0.9887841;1.5158048
2096.0;1.353697;1.0097196;1.5429595
2097.0;1.3810906;1.0306551;1.570114
2098.0;1.4084843;1.0515907;1.5972687
2099.0;1.4358782;1.0725262;1.6244233
2100.0;1.463272;1.0934618;1.6515778
2101.0;1.4906257;1.113049;1.6852518
2102.0;1.5179797;1.1326364;1.718926
2103.0;1.5453337;1.1522238;1.7525998
2104.0;1.5726875;1.1718112;1.786274
2105.0;1.6000415;1.1913985;1.819948
2106.0;1.6273953;1.210986;1.853622
2107.0;1.6547492;1.2305733;1.887296
2108.0;1.6821032;1.2501607;1.92097
2109.0;1.709457;1.269748;1.9546441
2110.0;1.7368109;1.2893354;1.988318
2111.0;1.7590225;1.3062209;2.0249922
2112.0;1.7812341;1.3231066;2.0616665
2113.0;1.8034457;1.3399924;2.0983407
2114.0;1.8256572;1.3568782;2.1350152
2115.0;1.8478689;1.3737639;2.1716893
2116.0;1.8700806;1.3906496;2.2083635
2117.0;1.892292;1.4075353;2.2450378
2118.0;1.9145037;1.4244211;2.2817118
2119.0;1.9367154;1.4413067;2.3183863
2120.0;1.9589269;1.4581923;2.3550606
2121.0;1.9787571;1.472459;2.3952043
2122.0;1.9985876;1.4867257;2.4353483
2123.0;2.018418;1.5009923;2.4754922
2124.0;2.0382483;1.5152589;2.5156362
2125.0;2.0580785;1.5295255;2.5557797
2126.0;2.0779092;1.5437921;2.595924
2127.0;2.0977392;1.5580589;2.6360676
2128.0;2.11757;1.5723253;2.6762114
2129.0;2.1374002;1.5865921;2.7163556
2130.0;2.1572304;1.6008587;2.7564993
2131.0;2.1754358;1.6128179;2.7957046
2132.0;2.1936412;1.6247773;2.8349102
2133.0;2.2118464;1.6367368;2.8741152
2134.0;2.2300518;1.6486961;2.9133208
2135.0;2.2482572;1.6606553;2.952526
2136.0;2.2664623;1.6726147;2.9917314
2137.0;2.2846677;1.6845739;3.030937
2138.0;2.3028731;1.6965333;3.0701423
2139.0;2.3210783;1.7084925;3.1093473
2140.0;2.3392837;1.720452;3.148553
2141.0;2.356956;1.7310711;3.190728
2142.0;2.374629;1.7416906;3.2329037
2143.0;2.3923013;1.75231;3.2750788
2144.0;2.409974;1.7629294;3.3172543
2145.0;2.4276464;1.7735488;3.3594294
2146.0;2.4453192;1.7841682;3.4016047
2147.0;2.4629917;1.7947876;3.44378
2148.0;2.4806643;1.8054068;3.4859555
2149.0;2.498337;1.8160263;3.5281305
2150.0;2.5160096;1.8266456;3.5703058
