2020.0;0.056634385;0.035477243;0.07928415
2021.0;0.059839174;0.03776165;0.08349096
2022.0;0.06304397;0.040046066;0.08769776
2023.0;0.06624877;0.042330474;0.09190457
2024.0;0.06945355;0.04461489;0.09611137
2025.0;0.07265834;0.046899296;0.10031818
2026.0;0.07586314;0.049183708;0.10452498
2027.0;0.07906793;0.051468115;0.10873179
2028.0;0.08227272;0.05375253;0.11293859
2029.0;0.08547751;0.056036938;0.1171454
2030.0;0.0886823;0.05832135;0.1213522
2031.0;0.091941565;0.060585476;0.12577477
2032.0;0.09520084;0.06284961;0.13019735
2033.0;0.0984601;0.06511374;0.13461992
2034.0;0.10171936;0.067377865;0.13904248
2035.0;0.10497862;0.069642;0.14346506
2036.0;0.108237885;0.07190613;0.14788763
2037.0;0.11149714;0.074170254;0.1523102
2038.0;0.114756405;0.07643438;0.15673275
2039.0;0.11801567;0.07869851;0.16115533
2040.0;0.12127493;0.080962636;0.16557792
2041.0;0.12410285;0.08299922;0.16935226
2042.0;0.12693077;0.085035816;0.17312665
2043.0;0.1297587;0.087072395;0.176901
2044.0;0.13258661;0.08910899;0.18067539
2045.0;0.13541454;0.09114557;0.18444973
2046.0;0.13824247;0.093182154;0.18822412
2047.0;0.14107038;0.09521874;0.19199847
2048.0;0.1438983;0.09725533;0.19577286
2049.0;0.14672622;0.09929191;0.19954722
2050.0;0.14955413;0.1013285;0.20332158
2051.0;0.15266757;0.10346385;0.2074571
2052.0;0.15578099;0.105599195;0.21159261
2053.0;0.15889442;0.10773455;0.21572815
2054.0;0.16200784;0.109869905;0.21986367
2055.0;0.16512127;0.11200525;0.22399917
2056.0;0.16823469;0.11414061;0.2281347
2057.0;0.17134811;0.11627596;0.23227021
2058.0;0.17446154;0.11841131;0.23640573
2059.0;0.17757496;0.120546654;0.24054126
2060.0;0.1806884;0.122682005;0.24467677
2061.0;0.18385129;0.12451356;0.24917383
2062.0;0.18701419;0.12634511;0.25367087
2063.0;0.19017708;0.12817666;0.25816795
2064.0;0.19333997;0.1300082;0.262665
2065.0;0.19650286;0.13183975;0.26716205
2066.0;0.19966576;0.13367131;0.27165908
2067.0;0.20282866;0.13550287;0.27615616
2068.0;0.20599155;0.1373344;0.2806532
2069.0;0.20915446;0.13916595;0.28515023
2070.0;0.21231733;0.14099751;0.2896473
2071.0;0.21486048;0.14263767;0.29351345
2072.0;0.21740364;0.14427783;0.29737964
2073.0;0.2199468;0.14591798;0.30124578
2074.0;0.22248995;0.14755815;0.30511197
2075.0;0.2250331;0.14919831;0.3089781
2076.0;0.22757627;0.15083846;0.3128443
2077.0;0.23011944;0.15247862;0.31671044
2078.0;0.23266259;0.15411878;0.3205766
2079.0;0.23520574;0.15575895;0.32444274
2080.0;0.23774889;0.15739909;0.32830894
2081.0;0.24049126;0.15929917;0.33223048
2082.0;0.24323364;0.16119924;0.33615205
2083.0;0.24597602;0.16309935;0.3400736
2084.0;0.24871838;0.16499943;0.34399512
2085.0;0.25146076;0.1668995;0.34791666
2086.0;0.2542031;0.1687996;0.3518382
2087.0;0.2569455;0.17069967;0.35575974
2088.0;0.25968787;0.17259975;0.35968128
2089.0;0.26243025;0.17449984;0.36360285
2090.0;0.2651726;0.17639992;0.3675244
2091.0;0.26803344;0.1777775;0.37226078
2092.0;0.27089435;0.1791551;0.37699717
2093.0;0.2737552;0.18053266;0.38173354
2094.0;0.27661607;0.18191026;0.38646993
2095.0;0.27947694;0.18328784;0.39120632
2096.0;0.28233775;0.18466543;0.39594272
2097.0;0.28519863;0.18604301;0.4006791
2098.0;0.2880595;0.18742059;0.4054155
2099.0;0.29092035;0.18879819;0.4101519
2100.0;0.29378122;0.19017577;0.41488826
