2020.0;0.07387762;0.048515346;0.099597745
2021.0;0.07813631;0.052093007;0.10507951
2022.0;0.082394995;0.05567067;0.11056128
2023.0;0.08665369;0.059248324;0.11604304
2024.0;0.09091239;0.062825985;0.1215248
2025.0;0.095171064;0.06640364;0.12700656
2026.0;0.099429764;0.0699813;0.13248833
2027.0;0.10368845;0.07355896;0.13797009
2028.0;0.10794714;0.07713663;0.14345184
2029.0;0.11220583;0.08071428;0.1489336
2030.0;0.116464525;0.08429194;0.15441537
2031.0;0.12200406;0.088297695;0.16204089
2032.0;0.1275436;0.09230347;0.16966641
2033.0;0.13308313;0.09630922;0.17729193
2034.0;0.13862267;0.10031499;0.18491745
2035.0;0.14416221;0.10432074;0.19254297
2036.0;0.14970173;0.10832651;0.20016848
2037.0;0.15524127;0.11233227;0.207794
2038.0;0.1607808;0.11633803;0.21541952
2039.0;0.16632034;0.12034379;0.22304502
2040.0;0.17185988;0.12434955;0.23067054
2041.0;0.17882684;0.12979296;0.23995294
2042.0;0.1857938;0.13523635;0.24923535
2043.0;0.19276077;0.14067978;0.25851777
2044.0;0.19972774;0.14612319;0.26780018
2045.0;0.2066947;0.1515666;0.27708256
2046.0;0.21366166;0.15700999;0.28636497
2047.0;0.22062862;0.1624534;0.29564738
2048.0;0.2275956;0.1678968;0.30492976
2049.0;0.23456255;0.17334022;0.31421214
2050.0;0.24152951;0.17878363;0.32349455
2051.0;0.24999896;0.1852189;0.33458674
2052.0;0.25846845;0.19165419;0.34567887
2053.0;0.2669379;0.19808948;0.35677102
2054.0;0.27540734;0.20452477;0.36786318
2055.0;0.28387684;0.21096005;0.37895533
2056.0;0.29234627;0.21739532;0.3900475
2057.0;0.30081573;0.22383061;0.40113962
2058.0;0.30928522;0.2302659;0.41223177
2059.0;0.31775466;0.23670119;0.4233239
2060.0;0.32622412;0.24313647;0.4344161
2061.0;0.33648777;0.25128618;0.4473291
2062.0;0.34675142;0.2594359;0.46024218
2063.0;0.35701507;0.2675856;0.4731552
2064.0;0.36727872;0.27573532;0.48606828
2065.0;0.37754235;0.28388503;0.4989813
2066.0;0.38780603;0.29203472;0.51189435
2067.0;0.39806968;0.30018446;0.5248074
2068.0;0.40833327;0.30833417;0.53772044
2069.0;0.41859692;0.31648389;0.55063343
2070.0;0.4288606;0.3246336;0.56354654
2071.0;0.44218358;0.33562472;0.5783887
2072.0;0.45550665;0.34661585;0.5932309
2073.0;0.4688297;0.357607;0.608073
2074.0;0.4821527;0.3685981;0.62291527
2075.0;0.4954757;0.37958923;0.63775736
2076.0;0.5087988;0.3905804;0.6525996
2077.0;0.5221218;0.40157148;0.6674418
2078.0;0.53544474;0.4125626;0.68228394
2079.0;0.54876775;0.42355374;0.6971261
2080.0;0.5620908;0.43454486;0.71196824
2081.0;0.58032185;0.44995102;0.7290985
2082.0;0.5985529;0.4653572;0.7462288
2083.0;0.61678386;0.48076338;0.763359
2084.0;0.63501495;0.49616957;0.78048927
2085.0;0.653246;0.5115757;0.7976195
2086.0;0.67147696;0.52698183;0.81474984
2087.0;0.689708;0.542388;0.83188003
2088.0;0.707939;0.5577942;0.8490102
2089.0;0.72617006;0.57320035;0.86614054
2090.0;0.74440104;0.5886065;0.8832708
2091.0;0.76437205;0.6037868;0.90475255
2092.0;0.7843432;0.6189672;0.92623436
2093.0;0.8043142;0.63414747;0.9477162
2094.0;0.82428527;0.6493278;0.969198
2095.0;0.8442563;0.6645081;0.9906797
2096.0;0.8642273;0.6796884;1.0121615
2097.0;0.88419837;0.6948688;1.0336434
2098.0;0.90416944;0.71004915;1.055125
2099.0;0.92414045;0.7252294;1.0766069
2100.0;0.9441115;0.74040973;1.0980886
2101.0;0.96610624;0.753565;1.1267884
2102.0;0.9881012;0.7667205;1.155488
2103.0;1.010096;0.77987576;1.1841878
2104.0;1.0320908;0.7930311;1.2128874
2105.0;1.0540856;0.8061864;1.2415872
2106.0;1.0760803;0.8193417;1.2702869
2107.0;1.0980752;0.832497;1.2989864
2108.0;1.12007;0.84565234;1.3276862
2109.0;1.1420647;0.8588077;1.3563858
2110.0;1.1640595;0.871963;1.3850856
2111.0;1.1837119;0.8839788;1.4247562
2112.0;1.2033644;0.8959946;1.4644269
2113.0;1.2230166;0.90801036;1.5040975
2114.0;1.2426692;0.9200262;1.543768
2115.0;1.2623214;0.9320419;1.5834388
2116.0;1.2819737;0.94405776;1.6231092
2117.0;1.3016262;0.95607346;1.6627798
2118.0;1.3212786;0.9680892;1.7024505
2119.0;1.3409309;0.980105;1.7421211
2120.0;1.3605833;0.9921208;1.7817918
2121.0;1.3775752;1.003504;1.8335209
2122.0;1.3945673;1.0148873;1.8852502
2123.0;1.4115591;1.0262705;1.9369793
2124.0;1.4285511;1.0376538;1.9887085
2125.0;1.4455429;1.049037;2.0404377
2126.0;1.4625349;1.0604203;2.092167
2127.0;1.4795269;1.0718035;2.143896
2128.0;1.4965189;1.0831867;2.1956253
2129.0;1.5135107;1.09457;2.2473543
2130.0;1.5305027;1.1059532;2.2990835
2131.0;1.5472533;1.1165199;2.3634098
2132.0;1.5640041;1.1270866;2.427736
2133.0;1.5807544;1.1376534;2.492062
2134.0;1.5975051;1.14822;2.5563886
2135.0;1.6142558;1.1587867;2.6207147
2136.0;1.6310064;1.1693532;2.6850407
2137.0;1.6477568;1.17992;2.749367
2138.0;1.6645076;1.1904867;2.8136933
2139.0;1.6812582;1.2010534;2.8780196
2140.0;1.6980088;1.21162;2.9423456
2141.0;1.7143633;1.2212654;3.019442
2142.0;1.7307179;1.2309109;3.096539
2143.0;1.7470722;1.2405562;3.1736352
2144.0;1.7634268;1.2502018;3.250732
2145.0;1.7797812;1.2598472;3.3278286
2146.0;1.7961358;1.2694926;3.404925
2147.0;1.8124902;1.2791381;3.4820216
2148.0;1.8288448;1.2887834;3.5591183
2149.0;1.8451992;1.2984288;3.6362145
2150.0;1.8615537;1.3080744;3.7133112
