1993.0;-0.009721304
1994.0;-0.016651137
1995.0;-0.008326743
1996.0;-0.020138392
1997.0;-0.006766198
1998.0;0.02757007
1999.0;0.0041251937
2000.0;0.0074352133
2001.0;-0.011560407
2002.0;-0.018825607
2003.0;-0.004967001
2004.0;0.0069977907
2005.0;0.01649561
2006.0;0.011095482
2007.0;-0.008500789
2008.0;0.027517827
2009.0;0.020871358
2010.0;0.039269093
2011.0;0.038438942
2012.0;0.030932806
2013.0;0.012819423
2014.0;0.03622833
2015.0;0.046816923
2016.0;0.037786998
2017.0;0.057229903
2018.0;0.053507324
2019.0;0.049634635
