2020.0;7.238797;4.993997;9.398695
2021.0;7.817565;5.374272;10.288365
2022.0;8.396335;5.754546;11.178036
2023.0;8.975103;6.1348214;12.067705
2024.0;9.553873;6.515096;12.9573765
2025.0;10.132641;6.8953705;13.847046
2026.0;10.71141;7.2756453;14.736715
2027.0;11.290178;7.6559205;15.626386
2028.0;11.868947;8.036195;16.516056
2029.0;12.447716;8.41647;17.405725
2030.0;13.0264845;8.796744;18.295395
2031.0;13.97703;9.434179;19.798775
2032.0;14.927576;10.071615;21.302155
2033.0;15.878122;10.70905;22.805532
2034.0;16.828669;11.346485;24.308914
2035.0;17.779215;11.98392;25.812292
2036.0;18.729761;12.621355;27.31567
2037.0;19.680305;13.258789;28.819052
2038.0;20.630852;13.896225;30.32243
2039.0;21.581398;14.533661;31.825811
2040.0;22.531944;15.171095;33.32919
2041.0;24.070124;16.298412;35.32998
2042.0;25.608303;17.425732;37.330772
2043.0;27.146484;18.55305;39.331566
2044.0;28.684662;19.680367;41.33236
2045.0;30.222843;20.807684;43.33315
2046.0;31.761023;21.935001;45.333942
2047.0;33.299202;23.062319;47.334736
2048.0;34.83738;24.189638;49.335526
2049.0;36.37556;25.316954;51.336315
2050.0;37.913742;26.444271;53.33711
2051.0;40.150715;28.149372;55.765076
2052.0;42.387688;29.854473;58.193043
2053.0;44.624664;31.559574;60.62101
2054.0;46.86164;33.264675;63.048973
2055.0;49.098614;34.969776;65.47694
2056.0;51.33559;36.674877;67.9049
2057.0;53.57256;38.37998;70.33287
2058.0;55.809532;40.08508;72.760826
2059.0;58.04651;41.790176;75.1888
2060.0;60.283485;43.495277;77.61676
2061.0;63.26352;45.885506;80.52812
2062.0;66.24357;48.275738;83.43949
2063.0;69.2236;50.665966;86.35085
2064.0;72.20364;53.056202;89.26222
2065.0;75.18368;55.446423;92.17358
2066.0;78.16372;57.83666;95.08494
2067.0;81.14375;60.22688;97.9963
2068.0;84.123795;62.617115;100.90767
2069.0;87.103836;65.00734;103.81903
2070.0;90.08388;67.39757;106.73039
2071.0;93.581856;70.638435;110.20386
2072.0;97.07985;73.879295;113.67732
2073.0;100.577835;77.120155;117.15077
2074.0;104.07583;80.36102;120.624245
2075.0;107.57381;83.60188;124.097694
2076.0;111.0718;86.84274;127.57115
2077.0;114.569786;90.0836;131.04462
2078.0;118.06777;93.32446;134.51808
2079.0;121.56576;96.56532;137.99155
2080.0;125.06374;99.80619;141.465
2081.0;128.87257;103.8764;145.16318
2082.0;132.6814;107.94662;148.86137
2083.0;136.49023;112.01683;152.55956
2084.0;140.29906;116.08705;156.25775
2085.0;144.10788;120.15725;159.95593
2086.0;147.91672;124.22746;163.65413
2087.0;151.72556;128.29768;167.35231
2088.0;155.53436;132.36789;171.0505
2089.0;159.34319;136.43811;174.74869
2090.0;163.15202;140.50833;178.44687
2091.0;167.02782;144.52571;182.45218
2092.0;170.90363;148.54309;186.4575
2093.0;174.77942;152.56047;190.4628
2094.0;178.65523;156.57785;194.46811
2095.0;182.53102;160.59525;198.47342
2096.0;186.40681;164.61263;202.47873
2097.0;190.28261;168.63;206.48404
2098.0;194.15842;172.64738;210.48935
2099.0;198.03421;176.66476;214.49467
2100.0;201.91;180.68216;218.49997
