2020.0;0.12938029;0.10058088;0.15805024
2021.0;0.13718985;0.106621444;0.1679677
2022.0;0.14499943;0.11266202;0.17788517
2023.0;0.15280901;0.11870259;0.18780266
2024.0;0.16061859;0.12474316;0.19772013
2025.0;0.16842817;0.13078372;0.20763761
2026.0;0.17623775;0.1368243;0.21755509
2027.0;0.18404731;0.14286487;0.22747254
2028.0;0.19185689;0.14890544;0.23739003
2029.0;0.19966647;0.154946;0.2473075
2030.0;0.20747605;0.16098657;0.25722498
2031.0;0.21639776;0.16804534;0.26856026
2032.0;0.22531949;0.17510416;0.2798956
2033.0;0.23424122;0.18216294;0.2912309
2034.0;0.24316293;0.18922174;0.30256623
2035.0;0.25208464;0.19628052;0.31390154
2036.0;0.26100636;0.20333931;0.32523686
2037.0;0.26992807;0.21039811;0.33657214
2038.0;0.27884978;0.21745688;0.34790748
2039.0;0.28777152;0.22451568;0.35924277
2040.0;0.29669324;0.23157446;0.37057808
2041.0;0.30667618;0.23976314;0.38289377
2042.0;0.31665915;0.24795185;0.39520952
2043.0;0.3266421;0.25614053;0.4075252
2044.0;0.33662507;0.26432922;0.41984093
2045.0;0.34660804;0.27251792;0.43215662
2046.0;0.356591;0.2807066;0.4444723
2047.0;0.3665739;0.2888953;0.45678803
2048.0;0.37655687;0.29708397;0.46910375
2049.0;0.38653985;0.30527267;0.48141944
2050.0;0.3965228;0.31346136;0.49373513
2051.0;0.4077716;0.32296333;0.50722843
2052.0;0.41902032;0.33246523;0.52072173
2053.0;0.4302691;0.34196717;0.53421503
2054.0;0.4415179;0.35146913;0.54770833
2055.0;0.45276666;0.36097103;0.5612016
2056.0;0.46401545;0.37047297;0.57469493
2057.0;0.4752642;0.3799749;0.58818823
2058.0;0.48651296;0.38947684;0.60168153
2059.0;0.49776173;0.39897877;0.61517483
2060.0;0.5090105;0.4084807;0.62866807
2061.0;0.52224207;0.41941157;0.64426064
2062.0;0.53547364;0.4303424;0.65985316
2063.0;0.5487052;0.44127324;0.6754457
2064.0;0.5619368;0.4522041;0.6910382
2065.0;0.5751683;0.46313494;0.70663077
2066.0;0.5883999;0.4740658;0.7222233
2067.0;0.60163146;0.48499665;0.7378158
2068.0;0.61486304;0.49592748;0.7534083
2069.0;0.62809455;0.50685835;0.7690009
2070.0;0.6413261;0.5177892;0.78459346
2071.0;0.6570625;0.5310789;0.8022439
2072.0;0.67279893;0.54436857;0.8198943
2073.0;0.6885353;0.5576583;0.8375447
2074.0;0.70427173;0.570948;0.85519516
2075.0;0.7200081;0.58423775;0.8728456
2076.0;0.73574454;0.59752744;0.89049596
2077.0;0.7514808;0.61081713;0.90814644
2078.0;0.7672173;0.6241068;0.92579687
2079.0;0.7829537;0.6373966;0.9434473
2080.0;0.7986901;0.65068626;0.9610977
2081.0;0.81814784;0.6674879;0.9810841
2082.0;0.83760566;0.6842897;1.0010705
2083.0;0.85706335;0.70109135;1.0210569
2084.0;0.8765212;0.71789306;1.0410433
2085.0;0.895979;0.7346948;1.0610298
2086.0;0.91543674;0.75149643;1.0810161
2087.0;0.9348945;0.76829815;1.1010026
2088.0;0.9543523;0.78509986;1.120989
2089.0;0.97381014;0.8019016;1.1409754
2090.0;0.9932679;0.81870323;1.1609617
2091.0;1.0153041;0.8353568;1.1854941
2092.0;1.0373403;0.85201037;1.2100264
2093.0;1.0593767;0.86866397;1.2345586
2094.0;1.0814128;0.8853175;1.2590908
2095.0;1.1034491;0.90197104;1.2836231
2096.0;1.1254853;0.91862464;1.3081553
2097.0;1.1475216;0.9352782;1.3326875
2098.0;1.1695578;0.9519318;1.3572198
2099.0;1.1915941;0.9685853;1.3817521
2100.0;1.2136303;0.9852389;1.4062843
2101.0;1.2378396;1.0012636;1.4378505
2102.0;1.2620487;1.0172884;1.4694167
2103.0;1.286258;1.0333133;1.5009829
2104.0;1.310467;1.049338;1.532549
2105.0;1.3346763;1.0653628;1.5641153
2106.0;1.3588854;1.0813875;1.5956814
2107.0;1.3830944;1.0974123;1.6272476
2108.0;1.4073037;1.1134372;1.6588138
2109.0;1.4315128;1.1294619;1.6903799
2110.0;1.4557221;1.1454867;1.7219461
2111.0;1.4783814;1.1601952;1.7633098
2112.0;1.5010409;1.1749036;1.8046737
2113.0;1.5237002;1.1896122;1.8460374
2114.0;1.5463598;1.2043207;1.8874011
2115.0;1.5690191;1.2190291;1.9287649
2116.0;1.5916785;1.2337376;1.9701285
2117.0;1.6143379;1.248446;2.0114923
2118.0;1.6369973;1.2631545;2.052856
2119.0;1.6596566;1.277863;2.0942197
2120.0;1.6823161;1.2925715;2.1355834
2121.0;1.7026006;1.3064454;2.1897333
2122.0;1.7228855;1.320319;2.243883
2123.0;1.74317;1.3341929;2.2980328
2124.0;1.7634548;1.3480667;2.3521824
2125.0;1.7837393;1.3619404;2.406332
2126.0;1.8040241;1.3758142;2.4604816
2127.0;1.8243088;1.389688;2.5146313
2128.0;1.8445935;1.4035617;2.5687811
2129.0;1.864878;1.4174355;2.622931
2130.0;1.8851627;1.4313093;2.6770806
2131.0;1.9040201;1.4442182;2.7433128
2132.0;1.9228777;1.4571272;2.8095453
2133.0;1.9417351;1.470036;2.8757772
2134.0;1.9605925;1.4829451;2.9420094
2135.0;1.97945;1.4958539;3.0082417
2136.0;1.9983073;1.5087627;3.0744739
2137.0;2.0171647;1.5216718;3.1407063
2138.0;2.0360222;1.5345806;3.2069383
2139.0;2.0548797;1.5474895;3.2731705
2140.0;2.0737371;1.5603985;3.339403
2141.0;2.092452;1.5726949;3.418209
2142.0;2.1111674;1.5849915;3.4970155
2143.0;2.1298826;1.5972881;3.5758219
2144.0;2.1485977;1.6095847;3.654628
2145.0;2.167313;1.6218811;3.7334344
2146.0;2.1860278;1.6341777;3.8122408
2147.0;2.2047431;1.6464742;3.8910468
2148.0;2.2234583;1.6587709;3.9698532
2149.0;2.2421737;1.6710674;4.04866
2150.0;2.2608886;1.6833639;4.1274657
