2020.0;0.13017897;0.09890061;0.15953107
2021.0;0.13904372;0.10506068;0.17166814
2022.0;0.14790846;0.11122075;0.18380523
2023.0;0.1567732;0.11738083;0.19594231
2024.0;0.16563794;0.12354089;0.20807938
2025.0;0.17450269;0.12970096;0.22021647
2026.0;0.18336743;0.13586102;0.23235355
2027.0;0.19223216;0.1420211;0.24449064
2028.0;0.2010969;0.14818117;0.25662768
2029.0;0.20996164;0.15434124;0.26876476
2030.0;0.21882638;0.16050132;0.28090185
2031.0;0.22954516;0.16858636;0.29601598
2032.0;0.24026395;0.17667145;0.31113017
2033.0;0.25098273;0.1847565;0.32624432
2034.0;0.26170152;0.19284159;0.34135845
2035.0;0.2724203;0.20092663;0.35647258
2036.0;0.28313908;0.20901172;0.3715868
2037.0;0.29385784;0.21709676;0.38670093
2038.0;0.30457667;0.22518183;0.40181506
2039.0;0.3152954;0.23326689;0.4169292
2040.0;0.3260142;0.24135196;0.43204337
2041.0;0.33965304;0.25241527;0.45003015
2042.0;0.35329193;0.26347864;0.46801692
2043.0;0.36693078;0.27454194;0.48600373
2044.0;0.38056964;0.28560528;0.50399053
2045.0;0.3942085;0.2966686;0.5219773
2046.0;0.40784737;0.30773193;0.5399641
2047.0;0.42148623;0.31879526;0.55795085
2048.0;0.4351251;0.32985857;0.5759376
2049.0;0.44876397;0.3409219;0.5939244
2050.0;0.46240282;0.35198522;0.6119112
2051.0;0.4796982;0.36546215;0.6323368
2052.0;0.4969936;0.37893912;0.6527625
2053.0;0.51428896;0.39241603;0.67318803
2054.0;0.5315843;0.40589297;0.6936137
2055.0;0.54887974;0.41936988;0.7140393
2056.0;0.5661751;0.4328468;0.73446494
2057.0;0.58347046;0.44632375;0.75489056
2058.0;0.6007659;0.4598007;0.7753162
2059.0;0.61806124;0.4732776;0.7957418
2060.0;0.6353566;0.48675454;0.8161674
2061.0;0.6572438;0.5027285;0.84071964
2062.0;0.67913103;0.5187025;0.86527205
2063.0;0.7010183;0.5346765;0.88982433
2064.0;0.7229055;0.55065054;0.9143766
2065.0;0.74479264;0.56662446;0.93892884
2066.0;0.7666799;0.58259845;0.9634812
2067.0;0.78856707;0.5985724;0.9880335
2068.0;0.81045437;0.61454636;1.0125856
2069.0;0.8323415;0.6305204;1.037138
2070.0;0.8542287;0.6464944;1.0616903
2071.0;0.87905747;0.6658077;1.0892304
2072.0;0.9038865;0.6851212;1.1167705
2073.0;0.92871535;0.7044346;1.1443108
2074.0;0.9535442;0.72374797;1.1718508
2075.0;0.97837305;0.7430614;1.199391
2076.0;1.003202;0.76237476;1.2269311
2077.0;1.0280308;0.78168815;1.2544713
2078.0;1.0528597;0.8010016;1.2820114
2079.0;1.0776885;0.820315;1.3095515
2080.0;1.1025174;0.83962834;1.3370917
2081.0;1.1303904;0.8615681;1.3653159
2082.0;1.1582634;0.8835079;1.3935401
2083.0;1.1861366;0.9054477;1.4217644
2084.0;1.2140098;0.9273875;1.4499887
2085.0;1.2418828;0.9493272;1.4782128
2086.0;1.2697558;0.971267;1.5064372
2087.0;1.2976289;0.9932067;1.5346614
2088.0;1.3255019;1.0151465;1.5628856
2089.0;1.353375;1.0370861;1.5911099
2090.0;1.3812481;1.059026;1.6193341
2091.0;1.4103835;1.0809685;1.6489074
2092.0;1.4395188;1.1029111;1.678481
2093.0;1.468654;1.1248537;1.7080542
2094.0;1.4977894;1.1467963;1.7376279
2095.0;1.5269247;1.1687388;1.7672012
2096.0;1.55606;1.1906816;1.7967744
2097.0;1.5851953;1.2126241;1.826348
2098.0;1.6143305;1.2345667;1.8559214
2099.0;1.643466;1.2565092;1.8854947
2100.0;1.6726012;1.2784518;1.9150681
2101.0;1.7009249;1.2994261;1.9512299
2102.0;1.7292486;1.3204002;1.987392
2103.0;1.7575724;1.3413745;2.0235536
2104.0;1.7858962;1.3623488;2.0597157
2105.0;1.81422;1.383323;2.0958774
2106.0;1.8425437;1.4042971;2.1320395
2107.0;1.8708675;1.4252714;2.1682014
2108.0;1.8991911;1.4462456;2.2043633
2109.0;1.9275149;1.4672198;2.2405252
2110.0;1.9558387;1.4881941;2.276687
2111.0;1.9799387;1.5071917;2.3176973
2112.0;2.0040388;1.5261893;2.3587077
2113.0;2.0281389;1.5451868;2.399718
2114.0;2.052239;1.5641845;2.4407284
2115.0;2.0763388;1.583182;2.4817388
2116.0;2.100439;1.6021795;2.522749
2117.0;2.1245391;1.6211771;2.5637593
2118.0;2.1486392;1.6401747;2.6047697
2119.0;2.1727393;1.6591724;2.6457798
2120.0;2.1968393;1.67817;2.6867902
2121.0;2.218265;1.6950939;2.727212
2122.0;2.239691;1.712018;2.7676344
2123.0;2.2611165;1.7289419;2.808056
2124.0;2.2825422;1.745866;2.848478
2125.0;2.303968;1.76279;2.8888998
2126.0;2.325394;1.779714;2.9293218
2127.0;2.3468196;1.7966379;2.9697437
2128.0;2.3682451;1.813562;3.0101655
2129.0;2.389671;1.8304858;3.0505874
2130.0;2.4110966;1.84741;3.0910096
2131.0;2.4313235;1.8626252;3.133117
2132.0;2.45155;1.8778409;3.1752245
2133.0;2.471777;1.8930562;3.2173321
2134.0;2.4920034;1.9082717;3.2594397
2135.0;2.51223;1.9234871;3.3015468
2136.0;2.5324566;1.9387026;3.3436544
2137.0;2.5526834;1.9539181;3.385762
2138.0;2.5729098;1.9691334;3.4278696
2139.0;2.5931365;1.9843489;3.4699771
2140.0;2.6133633;1.9995643;3.5120845
2141.0;2.6323516;2.0126681;3.5552068
2142.0;2.6513398;2.0257723;3.5983293
2143.0;2.6703281;2.038876;3.6414516
2144.0;2.6893165;2.05198;3.6845741
2145.0;2.7083046;2.0650837;3.7276962
2146.0;2.727293;2.0781877;3.770819
2147.0;2.7462811;2.0912914;3.8139415
2148.0;2.7652693;2.1043954;3.8570635
2149.0;2.7842577;2.1174994;3.900186
2150.0;2.8032458;2.1306033;3.9433084
