2020.0;0.11695096;0.08973997;0.1456307
2021.0;0.12357945;0.09443568;0.1542906
2022.0;0.13020794;0.0991314;0.16295052
2023.0;0.13683644;0.10382712;0.17161041
2024.0;0.14346494;0.108522825;0.18027031
2025.0;0.15009344;0.11321854;0.18893021
2026.0;0.15672192;0.11791426;0.1975901
2027.0;0.1633504;0.12260997;0.20625
2028.0;0.16997892;0.12730569;0.21490991
2029.0;0.1766074;0.1320014;0.22356981
2030.0;0.1832359;0.13669711;0.23222971
2031.0;0.18996157;0.14208119;0.24043134
2032.0;0.19668725;0.14746527;0.24863298
2033.0;0.2034129;0.15284936;0.2568346
2034.0;0.21013857;0.15823345;0.26503626
2035.0;0.21686424;0.16361752;0.27323785
2036.0;0.22358993;0.16900161;0.2814395
2037.0;0.23031558;0.1743857;0.2896411
2038.0;0.23704126;0.17976975;0.29784277
2039.0;0.2437669;0.18515384;0.30604437
2040.0;0.25049257;0.19053793;0.31424603
2041.0;0.25685862;0.19559932;0.32209042
2042.0;0.26322466;0.20066072;0.32993484
2043.0;0.2695907;0.20572212;0.33777922
2044.0;0.27595675;0.21078351;0.34562367
2045.0;0.2823228;0.21584491;0.3534681
2046.0;0.2886888;0.22090632;0.36131248
2047.0;0.29505488;0.22596769;0.36915687
2048.0;0.3014209;0.2310291;0.3770013
2049.0;0.3077869;0.2360905;0.3848457
2050.0;0.314153;0.24115188;0.3926901
2051.0;0.32006678;0.2459983;0.39998463
2052.0;0.32598063;0.25084472;0.40727916
2053.0;0.33189443;0.25569114;0.41457373
2054.0;0.33780825;0.26053753;0.4218683
2055.0;0.34372208;0.26538393;0.4291628
2056.0;0.3496359;0.27023035;0.43645734
2057.0;0.3555497;0.27507678;0.4437519
2058.0;0.36146352;0.27992317;0.45104644
2059.0;0.36737734;0.2847696;0.45834097
2060.0;0.37329116;0.289616;0.46563554
2061.0;0.37859547;0.29401365;0.47196272
2062.0;0.3838998;0.29841128;0.4782899
2063.0;0.38920414;0.30280897;0.48461705
2064.0;0.39450848;0.3072066;0.49094427
2065.0;0.3998128;0.31160426;0.49727148
2066.0;0.4051171;0.3160019;0.50359863
2067.0;0.41042143;0.32039952;0.50992584
2068.0;0.41572574;0.32479718;0.51625305
2069.0;0.42103007;0.32919484;0.5225802
2070.0;0.42633438;0.3335925;0.5289074
2071.0;0.4309014;0.33716005;0.53468484
2072.0;0.43546847;0.34072766;0.5404622
2073.0;0.4400355;0.34429523;0.5462396
2074.0;0.44460258;0.34786278;0.55201703
2075.0;0.44916958;0.35143036;0.55779445
2076.0;0.45373663;0.35499796;0.56357175
2077.0;0.4583037;0.3585655;0.56934917
2078.0;0.46287072;0.36213312;0.5751266
2079.0;0.46743774;0.3657007;0.580904
2080.0;0.4720048;0.36926824;0.5866814
2081.0;0.476449;0.3725769;0.5925422
2082.0;0.48089328;0.37588555;0.598403
2083.0;0.4853375;0.37919414;0.60426366
2084.0;0.48978174;0.38250282;0.6101245
2085.0;0.49422595;0.38581145;0.6159852
2086.0;0.4986702;0.38912013;0.621846
2087.0;0.50311446;0.39242876;0.62770677
2088.0;0.50755864;0.3957374;0.6335675
2089.0;0.51200294;0.39904603;0.63942826
2090.0;0.5164471;0.4023547;0.64528906
2091.0;0.5216691;0.40582478;0.65271795
2092.0;0.52689093;0.4092949;0.66014695
2093.0;0.53211284;0.41276497;0.6675759
2094.0;0.5373348;0.41623506;0.6750049
2095.0;0.54255664;0.41970515;0.6824338
2096.0;0.54777855;0.42317525;0.68986267
2097.0;0.5530005;0.42664534;0.6972916
2098.0;0.55822235;0.43011543;0.70472056
2099.0;0.56344426;0.43358552;0.71214956
2100.0;0.5686662;0.43705562;0.7195785
2101.0;0.57375515;0.44073188;0.72642505
2102.0;0.57884413;0.4444082;0.73327166
2103.0;0.5839331;0.44808447;0.7401182
2104.0;0.58902204;0.45176077;0.7469649
2105.0;0.59411097;0.45543706;0.7538114
2106.0;0.59919995;0.45911333;0.760658
2107.0;0.6042889;0.46278962;0.7675046
2108.0;0.6093778;0.46646595;0.7743512
2109.0;0.6144668;0.47014222;0.7811978
2110.0;0.6195557;0.4738185;0.7880444
2111.0;0.6245278;0.47739035;0.79489964
2112.0;0.6295;0.48096222;0.801755
2113.0;0.6344721;0.48453405;0.8086103
2114.0;0.63944423;0.4881059;0.8154656
2115.0;0.6444163;0.49167776;0.82232094
2116.0;0.64938843;0.49524963;0.82917625
2117.0;0.65436053;0.49882147;0.83603156
2118.0;0.65933263;0.5023933;0.8428869
2119.0;0.66430473;0.5059652;0.8497421
2120.0;0.66927683;0.50953704;0.8565975
2121.0;0.67411774;0.5129013;0.86333644
2122.0;0.6789586;0.51626563;0.8700756
2123.0;0.6837995;0.51962996;0.8768146
2124.0;0.68864036;0.5229943;0.88355356
2125.0;0.6934812;0.5263586;0.8902926
2126.0;0.69832206;0.5297229;0.8970316
2127.0;0.70316297;0.53308713;0.9037706
2128.0;0.70800376;0.53645146;0.91050965
2129.0;0.7128447;0.5398158;0.9172487
2130.0;0.7176855;0.5431801;0.92398775
2131.0;0.72246504;0.5464745;0.93070287
2132.0;0.7272445;0.5497689;0.9374181
2133.0;0.73202395;0.55306333;0.9441332
2134.0;0.7368035;0.5563578;0.95084846
2135.0;0.7415829;0.55965215;0.9575636
2136.0;0.7463623;0.56294656;0.9642788
2137.0;0.7511418;0.56624097;0.970994
2138.0;0.7559213;0.5695354;0.9777092
2139.0;0.76070076;0.57282984;0.98442435
2140.0;0.7654802;0.5761242;0.99113953
2141.0;0.7702272;0.57935464;0.9978237
2142.0;0.7749741;0.5825851;1.0045079
2143.0;0.779721;0.5858154;1.0111921
2144.0;0.78446794;0.5890459;1.0178763
2145.0;0.78921485;0.5922762;1.0245605
2146.0;0.79396176;0.59550667;1.0312446
2147.0;0.79870874;0.5987371;1.0379287
2148.0;0.8034557;0.6019675;1.0446129
2149.0;0.80820256;0.60519797;1.0512971
2150.0;0.81294954;0.60842836;1.0579814
