2020.0;0.19279644;0.16144851;0.22552042
2021.0;0.20372638;0.17028889;0.23848115
2022.0;0.21465634;0.1791293;0.2514419
2023.0;0.2255863;0.1879697;0.26440266
2024.0;0.23651624;0.1968101;0.2773634
2025.0;0.2474462;0.20565048;0.29032415
2026.0;0.25837612;0.2144909;0.3032849
2027.0;0.2693061;0.22333129;0.31624565
2028.0;0.28023607;0.23217168;0.32920635
2029.0;0.291166;0.24101207;0.3421671
2030.0;0.30209595;0.24985248;0.35512787
2031.0;0.31355006;0.2596692;0.36822313
2032.0;0.32500413;0.269486;0.38131842
2033.0;0.33645824;0.27930278;0.39441374
2034.0;0.34791228;0.28911957;0.40750903
2035.0;0.3593664;0.2989363;0.4206043
2036.0;0.3708205;0.30875307;0.43369958
2037.0;0.38227457;0.31856984;0.44679484
2038.0;0.39372867;0.3283866;0.45989013
2039.0;0.40518275;0.33820337;0.4729854
2040.0;0.41663685;0.34802014;0.48608068
2041.0;0.42771164;0.35733357;0.49909806
2042.0;0.43878648;0.36664703;0.5121155
2043.0;0.44986126;0.37596044;0.52513283
2044.0;0.4609361;0.38527393;0.53815025
2045.0;0.47201085;0.39458734;0.5511676
2046.0;0.48308566;0.40390083;0.564185
2047.0;0.49416047;0.4132142;0.5772024
2048.0;0.5052353;0.42252767;0.5902198
2049.0;0.51631004;0.4318411;0.6032371
2050.0;0.5273849;0.44115454;0.6162545
2051.0;0.5385294;0.4512487;0.6286525
2052.0;0.54967403;0.461343;0.64105064
2053.0;0.5608185;0.4714372;0.65344864
2054.0;0.5719631;0.48153144;0.6658467
2055.0;0.5831076;0.4916256;0.67824477
2056.0;0.59425217;0.50171983;0.69064283
2057.0;0.6053967;0.51181406;0.70304084
2058.0;0.61654127;0.5219083;0.7154389
2059.0;0.6276858;0.53200245;0.72783697
2060.0;0.6388303;0.5420967;0.740235
2061.0;0.6502987;0.552323;0.7532305
2062.0;0.6617671;0.56254935;0.76622605
2063.0;0.67323554;0.5727758;0.77922153
2064.0;0.684704;0.5830021;0.79221714
2065.0;0.69617236;0.5932284;0.8052126
2066.0;0.7076408;0.60345477;0.81820816
2067.0;0.7191092;0.61368114;0.8312037
2068.0;0.7305776;0.62390745;0.84419924
2069.0;0.742046;0.6341338;0.8571947
2070.0;0.7535144;0.6443602;0.87019026
2071.0;0.7651176;0.65454334;0.88346875
2072.0;0.7767209;0.66472656;0.89674735
2073.0;0.7883241;0.67490965;0.9100259
2074.0;0.79992735;0.68509287;0.92330444
2075.0;0.8115306;0.695276;0.936583
2076.0;0.82313377;0.70545924;0.9498616
2077.0;0.83473706;0.71564233;0.96314013
2078.0;0.8463403;0.72582555;0.97641855
2079.0;0.8579435;0.7360087;0.98969716
2080.0;0.8695468;0.7461919;1.0029757
2081.0;0.8808198;0.75622815;1.0158185
2082.0;0.8920929;0.7662644;1.0286613
2083.0;0.90336597;0.7763006;1.0415041
2084.0;0.9146391;0.7863369;1.0543469
2085.0;0.9259121;0.7963731;1.0671897
2086.0;0.93718517;0.80640936;1.0800325
2087.0;0.94845825;0.8164455;1.0928752
2088.0;0.9597314;0.8264818;1.105718
2089.0;0.9710044;0.83651805;1.1185608
2090.0;0.9822775;0.84655434;1.1314036
2091.0;0.993758;0.8561967;1.1452106
2092.0;1.0052385;0.86583924;1.1590176
2093.0;1.0167191;0.8754816;1.1728245
2094.0;1.0281996;0.8851241;1.1866316
2095.0;1.0396801;0.89476645;1.2004385
2096.0;1.0511607;0.90440893;1.2142454
2097.0;1.0626413;0.91405135;1.2280525
2098.0;1.0741217;0.9236938;1.2418593
2099.0;1.0856022;0.9333362;1.2556664
2100.0;1.0970827;0.9429786;1.2694734
2101.0;1.1093305;0.95341015;1.283812
2102.0;1.1215785;0.9638418;1.2981508
2103.0;1.1338264;0.9742733;1.3124894
2104.0;1.1460742;0.984705;1.3268281
2105.0;1.158322;0.99513644;1.3411667
2106.0;1.1705698;1.005568;1.3555053
2107.0;1.1828177;1.0159996;1.369844
2108.0;1.1950655;1.0264312;1.3841826
2109.0;1.2073133;1.0368626;1.3985213
2110.0;1.2195613;1.0472941;1.41286
2111.0;1.2319195;1.057583;1.4273711
2112.0;1.244278;1.0678719;1.4418823
2113.0;1.2566363;1.0781608;1.4563934
2114.0;1.2689946;1.0884497;1.4709045
2115.0;1.2813528;1.0987386;1.4854156
2116.0;1.2937112;1.1090274;1.4999266
2117.0;1.3060695;1.1193163;1.5144377
2118.0;1.3184277;1.129605;1.5289489
2119.0;1.3307861;1.139894;1.5434599
2120.0;1.3431444;1.1501828;1.557971
2121.0;1.3556479;1.160476;1.5727795
2122.0;1.3681515;1.1707692;1.5875883
2123.0;1.380655;1.1810622;1.6023967
2124.0;1.3931586;1.1913555;1.6172054
2125.0;1.4056621;1.2016485;1.6320139
2126.0;1.4181657;1.2119416;1.6468225
2127.0;1.4306692;1.2222347;1.6616311
2128.0;1.4431727;1.2325279;1.6764396
2129.0;1.4556763;1.2428211;1.6912483
2130.0;1.4681798;1.2531141;1.7060568
2131.0;1.4806758;1.2633835;1.7212964
2132.0;1.4931718;1.2736528;1.736536
2133.0;1.5056677;1.2839222;1.7517754
2134.0;1.5181637;1.2941916;1.7670149
2135.0;1.5306597;1.3044609;1.7822543
2136.0;1.5431557;1.3147304;1.7974939
2137.0;1.5556517;1.3249998;1.8127334
2138.0;1.5681475;1.3352691;1.8279729
2139.0;1.5806435;1.3455384;1.8432124
2140.0;1.5931395;1.3558078;1.858452
2141.0;1.6057252;1.3660114;1.8741604
2142.0;1.618311;1.3762151;1.8898689
2143.0;1.6308967;1.3864187;1.9055772
2144.0;1.6434824;1.3966223;1.9212857
2145.0;1.6560681;1.4068259;1.9369942
2146.0;1.6686541;1.4170295;1.9527026
2147.0;1.6812396;1.4272331;1.9684111
2148.0;1.6938255;1.4374368;1.9841197
2149.0;1.706411;1.4476405;1.999828
2150.0;1.7189969;1.4578441;2.0155365
