2020.0;0.19647115;0.17052317;0.22891545
2021.0;0.20925385;0.18028802;0.24575503
2022.0;0.22203656;0.19005287;0.26259464
2023.0;0.23481928;0.19981772;0.27943423
2024.0;0.24760196;0.20958258;0.2962738
2025.0;0.26038465;0.21934743;0.3131134
2026.0;0.27316737;0.22911227;0.329953
2027.0;0.28595006;0.23887713;0.3467926
2028.0;0.29873276;0.24864198;0.36363217
2029.0;0.31151548;0.25840682;0.38047177
2030.0;0.32429814;0.2681717;0.39731136
2031.0;0.34067756;0.28088176;0.41871485
2032.0;0.35705695;0.29359183;0.44011834
2033.0;0.37343633;0.30630192;0.46152183
2034.0;0.38981572;0.31901196;0.4829253
2035.0;0.40619507;0.33172205;0.5043288
2036.0;0.42257446;0.3444321;0.5257323
2037.0;0.43895385;0.35714215;0.5471358
2038.0;0.45533323;0.36985224;0.56853926
2039.0;0.47171265;0.38256228;0.5899427
2040.0;0.488092;0.39527237;0.6113462
2041.0;0.50878084;0.4117225;0.63727164
2042.0;0.52946967;0.4281727;0.6631973
2043.0;0.55015844;0.44462287;0.68912274
2044.0;0.5708473;0.46107304;0.7150483
2045.0;0.5915361;0.4775232;0.7409738
2046.0;0.612225;0.4939733;0.7668993
2047.0;0.63291377;0.51042354;0.7928248
2048.0;0.6536026;0.52687365;0.8187504
2049.0;0.6742914;0.5433238;0.84467584
2050.0;0.6949802;0.559774;0.87060136
2051.0;0.7225536;0.5823124;0.90137935
2052.0;0.75012696;0.6048507;0.93215734
2053.0;0.7777003;0.62738913;0.9629353
2054.0;0.80527365;0.6499275;0.99371326
2055.0;0.83284706;0.67246586;1.0244912
2056.0;0.8604204;0.6950043;1.0552692
2057.0;0.88799375;0.7175426;1.0860472
2058.0;0.91556716;0.740081;1.1168252
2059.0;0.9431405;0.7626194;1.1476032
2060.0;0.97071385;0.7851578;1.1783811
2061.0;1.0049767;0.8124247;1.2141861
2062.0;1.0392399;0.83969176;1.249991
2063.0;1.0735028;0.8669588;1.2857962
2064.0;1.1077659;0.89422584;1.321601
2065.0;1.1420288;0.9214928;1.3574061
2066.0;1.1762917;0.9487599;1.3932111
2067.0;1.2105548;0.97602683;1.4290161
2068.0;1.2448179;1.0032939;1.4648211
2069.0;1.2790809;1.0305607;1.5006261
2070.0;1.3133438;1.0578278;1.5364312
2071.0;1.353409;1.0917803;1.576143
2072.0;1.3934743;1.1257327;1.6158552
2073.0;1.4335397;1.159685;1.6555674
2074.0;1.473605;1.1936375;1.6952792
2075.0;1.5136703;1.2275898;1.7349913
2076.0;1.5537356;1.2615422;1.7747034
2077.0;1.5938009;1.2954947;1.8144155
2078.0;1.6338662;1.329447;1.8541274
2079.0;1.6739314;1.3633994;1.8938395
2080.0;1.7139968;1.3973519;1.9335515
2081.0;1.7563294;1.4401271;1.9761868
2082.0;1.7986623;1.4829026;2.0188222
2083.0;1.8409948;1.5256778;2.0614576
2084.0;1.8833278;1.5684532;2.104093
2085.0;1.9256604;1.6112285;2.1467283
2086.0;1.9679931;1.6540039;2.1893637
2087.0;2.010326;1.6967791;2.231999
2088.0;2.0526588;1.7395545;2.2746344
2089.0;2.0949912;1.7823298;2.3172698
2090.0;2.1373239;1.8251052;2.359905
2091.0;2.1811833;1.8704021;2.407091
2092.0;2.225043;1.9156994;2.4542768
2093.0;2.2689023;1.9609964;2.5014627
2094.0;2.3127618;2.0062935;2.5486484
2095.0;2.356621;2.0515904;2.5958345
2096.0;2.4004807;2.0968874;2.6430202
2097.0;2.44434;2.1421845;2.690206
2098.0;2.4881997;2.1874814;2.737392
2099.0;2.5320592;2.2327783;2.7845776
2100.0;2.5759184;2.2780755;2.8317637
2101.0;2.6215177;2.3128572;2.8830805
2102.0;2.6671166;2.347639;2.934398
2103.0;2.7127159;2.3824213;2.9857152
2104.0;2.7583148;2.4172032;3.0370321
2105.0;2.8039138;2.451985;3.0883493
2106.0;2.849513;2.4867668;3.1396666
2107.0;2.895112;2.5215487;3.1909835
2108.0;2.940711;2.5563307;3.2423007
2109.0;2.98631;2.5911126;3.293618
2110.0;3.0319092;2.6258945;3.344935
2111.0;3.0739439;2.6557202;3.4064724
2112.0;3.1159785;2.6855464;3.4680102
2113.0;3.158013;2.715372;3.529548
2114.0;3.200048;2.7451982;3.5910854
2115.0;3.242082;2.775024;3.652623
2116.0;3.2841167;2.8048499;3.7141607
2117.0;3.3261514;2.8346758;3.775698
2118.0;3.368186;2.8645017;3.837236
2119.0;3.4102204;2.8943276;3.8987732
2120.0;3.452255;2.9241533;3.9603107
2121.0;3.4872139;2.949691;4.027527
2122.0;3.522173;2.9752288;4.0947433
2123.0;3.5571315;3.0007665;4.161959
2124.0;3.5920906;3.0263042;4.229175
2125.0;3.6270492;3.0518417;4.2963915
2126.0;3.6620078;3.0773795;4.3636074
2127.0;3.696967;3.1029172;4.430824
2128.0;3.7319255;3.128455;4.49804
2129.0;3.7668846;3.1539927;4.5652556
2130.0;3.8018432;3.1795304;4.632472
2131.0;3.8352478;3.2016273;4.7097793
2132.0;3.8686523;3.2237244;4.787088
2133.0;3.9020567;3.2458212;4.8643956
2134.0;3.9354615;3.2679183;4.9417033
2135.0;3.9688656;3.2900152;5.0190105
2136.0;4.00227;3.312112;5.0963182
2137.0;4.0356746;3.334209;5.173626
2138.0;4.0690794;3.356306;5.2509336
2139.0;4.1024837;3.3784032;5.3282413
2140.0;4.135888;3.4005;5.4055495
2141.0;4.16717;3.4192123;5.4840355
2142.0;4.1984515;3.4379253;5.5625224
2143.0;4.229733;3.4566376;5.6410093
2144.0;4.2610145;3.4753504;5.7194963
2145.0;4.292296;3.494063;5.797982
2146.0;4.3235784;3.5127754;5.8764687
2147.0;4.3548594;3.5314877;5.9549556
2148.0;4.3861413;3.5502007;6.033442
2149.0;4.4174223;3.568913;6.111929
2150.0;4.4487042;3.5876257;6.190415
