2020.0;0.18548247;0.15634045;0.21608326
2021.0;0.1954834;0.1641164;0.22852369
2022.0;0.20548435;0.17189234;0.24096414
2023.0;0.21548527;0.1796683;0.25340456
2024.0;0.2254862;0.18744424;0.26584503
2025.0;0.23548715;0.19522019;0.27828544
2026.0;0.24548809;0.20299613;0.29072586
2027.0;0.25548902;0.21077207;0.30316633
2028.0;0.26548997;0.21854803;0.31560674
2029.0;0.27549088;0.22632396;0.3280472
2030.0;0.28549182;0.23409991;0.3404876
2031.0;0.2956765;0.24287397;0.35217902
2032.0;0.30586126;0.25164804;0.36387047
2033.0;0.31604597;0.2604221;0.3755619
2034.0;0.3262307;0.26919615;0.3872533
2035.0;0.3364154;0.27797022;0.39894477
2036.0;0.3466001;0.2867443;0.41063616
2037.0;0.35678482;0.29551837;0.42232758
2038.0;0.36696956;0.3042924;0.43401903
2039.0;0.37715423;0.3130665;0.44571045
2040.0;0.38733897;0.32184055;0.45740187
2041.0;0.39717904;0.33018473;0.4688873
2042.0;0.40701917;0.33852887;0.4803727
2043.0;0.41685924;0.34687304;0.49185812
2044.0;0.42669934;0.35521722;0.5033436
2045.0;0.43653944;0.36356136;0.514829
2046.0;0.44637954;0.3719055;0.5263144
2047.0;0.45621964;0.3802497;0.5377998
2048.0;0.46605974;0.38859388;0.54928523
2049.0;0.47589985;0.39693803;0.5607706
2050.0;0.48573992;0.4052822;0.572256
2051.0;0.4949722;0.4133969;0.5829416
2052.0;0.5042045;0.42151156;0.5936273
2053.0;0.5134368;0.42962626;0.60431284
2054.0;0.5226691;0.43774092;0.6149985
2055.0;0.53190136;0.4458556;0.6256841
2056.0;0.54113364;0.45397028;0.63636976
2057.0;0.550366;0.46208495;0.64705527
2058.0;0.55959827;0.47019964;0.65774095
2059.0;0.56883055;0.47831434;0.6684265
2060.0;0.57806283;0.486429;0.6791122
2061.0;0.5868904;0.49412146;0.6890922
2062.0;0.59571797;0.50181395;0.6990723
2063.0;0.6045455;0.5095064;0.7090524
2064.0;0.61337304;0.5171989;0.71903247
2065.0;0.6222006;0.5248914;0.7290125
2066.0;0.6310282;0.53258383;0.7389926
2067.0;0.63985574;0.5402763;0.7489726
2068.0;0.6486833;0.54796875;0.75895274
2069.0;0.6575109;0.55566126;0.7689328
2070.0;0.66633844;0.5633537;0.77891284
2071.0;0.6742839;0.5699295;0.78840154
2072.0;0.68222946;0.57650536;0.7978903
2073.0;0.69017494;0.5830812;0.80737895
2074.0;0.6981205;0.58965707;0.8168677
2075.0;0.7060659;0.59623283;0.8263565
2076.0;0.7140115;0.6028087;0.8358452
2077.0;0.72195697;0.60938454;0.8453339
2078.0;0.72990245;0.6159603;0.85482264
2079.0;0.737848;0.6225362;0.86431134
2080.0;0.74579346;0.629112;0.87380004
2081.0;0.7533008;0.63525504;0.8830754
2082.0;0.7608081;0.64139813;0.8923509
2083.0;0.7683154;0.6475412;0.90162635
2084.0;0.77582276;0.65368426;0.9109017
2085.0;0.78332996;0.6598273;0.9201771
2086.0;0.7908373;0.6659704;0.92945254
2087.0;0.7983446;0.6721134;0.938728
2088.0;0.80585194;0.67825645;0.94800335
2089.0;0.8133592;0.68439955;0.9572787
2090.0;0.8208665;0.6905426;0.9665542
2091.0;0.82948697;0.6978028;0.9769001
2092.0;0.83810735;0.705063;0.987246
2093.0;0.8467278;0.7123232;0.9975919
2094.0;0.85534817;0.7195834;1.0079379
2095.0;0.86396855;0.7268435;1.0182837
2096.0;0.872589;0.7341037;1.0286297
2097.0;0.8812094;0.7413639;1.0389755
2098.0;0.88982975;0.7486241;1.0493214
2099.0;0.8984502;0.7558843;1.0596672
2100.0;0.90707064;0.7631445;1.0700132
2101.0;0.91558504;0.7701609;1.0802829
2102.0;0.92409956;0.7771774;1.0905528
2103.0;0.932614;0.7841938;1.1008227
2104.0;0.94112843;0.7912103;1.1110926
2105.0;0.94964296;0.7982267;1.1213623
2106.0;0.95815736;0.80524313;1.1316321
2107.0;0.9666719;0.81225955;1.141902
2108.0;0.9751863;0.81927603;1.1521717
2109.0;0.98370075;0.8262924;1.1624416
2110.0;0.9922152;0.8333089;1.1727114
2111.0;1.0006568;0.84017485;1.1830864
2112.0;1.0090985;0.84704095;1.1934613
2113.0;1.0175402;0.8539069;1.2038362
2114.0;1.0259819;0.86077297;1.2142112
2115.0;1.0344236;0.86763895;1.224586
2116.0;1.0428653;0.8745049;1.2349609
2117.0;1.0513068;0.8813709;1.2453359
2118.0;1.0597485;0.88823694;1.2557108
2119.0;1.0681902;0.895103;1.2660857
2120.0;1.0766318;0.90196896;1.2764606
2121.0;1.0849504;0.9086998;1.2867694
2122.0;1.0932691;0.9154308;1.2970783
2123.0;1.1015878;0.9221617;1.307387
2124.0;1.1099064;0.9288927;1.3176959
2125.0;1.1182251;0.9356235;1.3280044
2126.0;1.1265438;0.94235444;1.3383131
2127.0;1.1348624;0.9490854;1.3486218
2128.0;1.1431811;0.95581627;1.3589307
2129.0;1.1514997;0.9625472;1.3692393
2130.0;1.1598184;0.96927816;1.3795481
2131.0;1.168056;0.9759362;1.3898115
2132.0;1.1762937;0.9825944;1.4000752
2133.0;1.1845312;0.9892524;1.4103386
2134.0;1.192769;0.99591047;1.4206021
2135.0;1.2010067;1.0025685;1.4308656
2136.0;1.2092441;1.0092267;1.4411292
2137.0;1.217482;1.0158846;1.4513925
2138.0;1.2257195;1.0225427;1.461656
2139.0;1.2339572;1.0292008;1.4719195
2140.0;1.2421948;1.0358589;1.4821831
2141.0;1.2504396;1.0424036;1.4924104
2142.0;1.2586844;1.0489483;1.502638
2143.0;1.2669293;1.0554929;1.5128653
2144.0;1.275174;1.0620376;1.5230927
2145.0;1.2834189;1.0685823;1.5333201
2146.0;1.2916638;1.075127;1.5435475
2147.0;1.2999085;1.0816716;1.5537748
2148.0;1.3081534;1.0882163;1.5640023
2149.0;1.3163981;1.094761;1.5742296
2150.0;1.324643;1.1013057;1.584457
