2020.0;0.19605444;0.16557734;0.2254849
2021.0;0.20735466;0.1747723;0.2391371
2022.0;0.21865487;0.18396732;0.25278932
2023.0;0.2299551;0.19316229;0.2664415
2024.0;0.24125533;0.2023573;0.28009373
2025.0;0.25255555;0.21155228;0.2937459
2026.0;0.2638558;0.22074726;0.30739814
2027.0;0.27515596;0.22994226;0.32105032
2028.0;0.2864562;0.23913723;0.33470255
2029.0;0.2977564;0.24833223;0.3483547
2030.0;0.30905664;0.25752723;0.36200693
2031.0;0.32140228;0.2678553;0.37692147
2032.0;0.33374792;0.27818337;0.3918361
2033.0;0.34609357;0.28851148;0.40675068
2034.0;0.3584392;0.29883954;0.42166525
2035.0;0.37078485;0.3091676;0.43657982
2036.0;0.3831305;0.31949568;0.45149443
2037.0;0.39547613;0.32982376;0.46640897
2038.0;0.40782177;0.34015182;0.48132354
2039.0;0.4201674;0.3504799;0.49623814
2040.0;0.43251303;0.36080799;0.5111527
2041.0;0.44578132;0.372031;0.5269184
2042.0;0.4590496;0.38325405;0.54268414
2043.0;0.47231793;0.39447707;0.5584498
2044.0;0.48558626;0.40570015;0.5742156
2045.0;0.4988545;0.41692317;0.5899813
2046.0;0.5121228;0.42814618;0.605747
2047.0;0.5253911;0.4393692;0.6215127
2048.0;0.53865945;0.45059222;0.63727844
2049.0;0.5519277;0.46181527;0.65304416
2050.0;0.565196;0.4730383;0.6688099
2051.0;0.57963157;0.48556855;0.6857924
2052.0;0.5940673;0.49809882;0.7027749
2053.0;0.6085028;0.5106291;0.7197574
2054.0;0.62293845;0.5231594;0.73673993
2055.0;0.6373741;0.5356896;0.7537224
2056.0;0.6518097;0.54821986;0.770705
2057.0;0.66624534;0.5607501;0.78768736
2058.0;0.680681;0.57328033;0.8046699
2059.0;0.6951165;0.5858106;0.8216524
2060.0;0.70955217;0.59834087;0.83863497
2061.0;0.7263274;0.6124575;0.85799986
2062.0;0.7431027;0.62657416;0.8773649
2063.0;0.7598779;0.6406908;0.8967297
2064.0;0.7766532;0.6548075;0.9160948
2065.0;0.7934284;0.6689241;0.93545973
2066.0;0.8102037;0.68304074;0.95482457
2067.0;0.82697886;0.6971573;0.9741896
2068.0;0.8437542;0.71127397;0.9935546
2069.0;0.8605294;0.7253906;1.0129195
2070.0;0.8773046;0.73950726;1.0322844
2071.0;0.8966894;0.75604725;1.0536898
2072.0;0.9160741;0.7725873;1.0750952
2073.0;0.93545884;0.78912723;1.0965005
2074.0;0.95484364;0.8056672;1.1179059
2075.0;0.9742284;0.8222072;1.1393113
2076.0;0.9936132;0.8387472;1.1607167
2077.0;1.0129979;0.8552872;1.1821221
2078.0;1.0323826;0.8718271;1.2035273
2079.0;1.0517673;0.8883672;1.2249329
2080.0;1.0711521;0.90490717;1.2463381
2081.0;1.093629;0.92479753;1.2697953
2082.0;1.116106;0.94468784;1.2932525
2083.0;1.1385831;0.9645783;1.3167096
2084.0;1.1610601;0.98446864;1.3401668
2085.0;1.183537;1.004359;1.3636239
2086.0;1.2060139;1.0242493;1.387081
2087.0;1.228491;1.0441396;1.4105382
2088.0;1.250968;1.06403;1.4339954
2089.0;1.2734449;1.0839204;1.4574525
2090.0;1.2959219;1.1038108;1.4809097
2091.0;1.3211745;1.1239731;1.509253
2092.0;1.3464272;1.1441355;1.5375966
2093.0;1.3716799;1.1642979;1.5659399
2094.0;1.3969326;1.1844603;1.5942833
2095.0;1.4221852;1.2046226;1.6226267
2096.0;1.4474379;1.2247852;1.6509702
2097.0;1.4726906;1.2449476;1.6793135
2098.0;1.4979432;1.2651099;1.7076569
2099.0;1.5231957;1.2852722;1.7360003
2100.0;1.5484484;1.3054346;1.7643437
2101.0;1.5762004;1.3257422;1.7988275
2102.0;1.6039522;1.3460498;1.8333116
2103.0;1.631704;1.3663574;1.8677955
2104.0;1.6594558;1.386665;1.9022793
2105.0;1.6872077;1.4069726;1.936763
2106.0;1.7149595;1.4272803;1.9712471
2107.0;1.7427113;1.4475878;2.0057306
2108.0;1.7704631;1.4678955;2.0402148
2109.0;1.7982149;1.4882032;2.0746984
2110.0;1.8259668;1.5085107;2.1091824
2111.0;1.8533145;1.5267088;2.1528955
2112.0;1.8806623;1.544907;2.1966088
2113.0;1.90801;1.5631051;2.240322
2114.0;1.9353579;1.5813032;2.2840354
2115.0;1.9627056;1.5995014;2.3277485
2116.0;1.9900532;1.6176995;2.3714616
2117.0;2.017401;1.6358976;2.4151747
2118.0;2.0447488;1.6540956;2.4588883
2119.0;2.0720966;1.6722938;2.5026011
2120.0;2.0994444;1.6904919;2.5463145
2121.0;2.1243734;1.708037;2.6029155
2122.0;2.1493027;1.7255819;2.659517
2123.0;2.174232;1.743127;2.716118
2124.0;2.199161;1.760672;2.7727191
2125.0;2.2240903;1.778217;2.8293207
2126.0;2.2490196;1.795762;2.885922
2127.0;2.2739487;1.8133069;2.942523
2128.0;2.298878;1.8308519;2.9991243
2129.0;2.3238072;1.8483969;3.0557256
2130.0;2.3487363;1.8659419;3.1123266
2131.0;2.3715835;1.8822639;3.1813009
2132.0;2.3944309;1.8985862;3.2502751
2133.0;2.417278;1.9149082;3.3192496
2134.0;2.4401255;1.9312303;3.3882236
2135.0;2.4629726;1.9475523;3.4571977
2136.0;2.4858198;1.9638745;3.526172
2137.0;2.508667;1.9801965;3.5951462
2138.0;2.5315144;1.9965187;3.6641204
2139.0;2.5543616;2.0128407;3.7330945
2140.0;2.5772088;2.029163;3.802069
2141.0;2.5997121;2.0448935;3.8833585
2142.0;2.6222157;2.0606244;3.964648
2143.0;2.6447191;2.0763547;4.0459375
2144.0;2.667223;2.0920854;4.1272273
2145.0;2.6897264;2.107816;4.2085166
2146.0;2.71223;2.1235466;4.289807
2147.0;2.7347333;2.1392775;4.371096
2148.0;2.7572367;2.155008;4.452386
2149.0;2.7797406;2.1707385;4.533675
2150.0;2.802244;2.1864693;4.614965
