2020.0;0.084693834;0.07469383;0.09469383
2021.0;0.09169383;0.07869383;0.107693836
2022.0;0.09869383;0.08269383;0.12069383
2023.0;0.10569383;0.08669383;0.13369383
2024.0;0.11269383;0.09069383;0.14669383
2025.0;0.11969383;0.09469383;0.15969384
2026.0;0.12669383;0.09869383;0.17269383
2027.0;0.13369383;0.10269383;0.18569383
2028.0;0.14069383;0.106693834;0.19869383
2029.0;0.14769383;0.110693835;0.21169384
2030.0;0.15469383;0.114693835;0.22469383
2031.0;0.16669384;0.121693835;0.24169384
2032.0;0.17869383;0.12869383;0.25869384
2033.0;0.19069384;0.13569383;0.27569383
2034.0;0.20269385;0.14269383;0.29269385
2035.0;0.21469384;0.14969383;0.30969384
2036.0;0.22669385;0.15669383;0.32669383
2037.0;0.23869385;0.16369382;0.34369382
2038.0;0.25069386;0.17069383;0.36069384
2039.0;0.26269385;0.17769383;0.37769386
2040.0;0.27469385;0.18469383;0.39469385
2041.0;0.29069385;0.19769384;0.41269386
2042.0;0.30669385;0.21069384;0.43069386
2043.0;0.32269385;0.22369383;0.44869384
2044.0;0.33869386;0.23669384;0.46669385
2045.0;0.35469386;0.24969384;0.48469386
2046.0;0.37069386;0.26269385;0.50269383
2047.0;0.38669384;0.27569383;0.52069384
2048.0;0.40269384;0.28869385;0.53869385
2049.0;0.41869384;0.30169386;0.55669385
2050.0;0.43469384;0.31469384;0.57469386
2051.0;0.45869386;0.33569384;0.5966938
2052.0;0.48269385;0.35669383;0.6186938
2053.0;0.50669384;0.37769386;0.64069384
2054.0;0.5306938;0.39869386;0.66269386
2055.0;0.5546938;0.41969386;0.6846939
2056.0;0.57869387;0.44069386;0.7066938
2057.0;0.60269386;0.46169385;0.72869384
2058.0;0.62669384;0.48269385;0.75069386
2059.0;0.65069383;0.5036938;0.7726939
2060.0;0.6746938;0.52469385;0.7946938
2061.0;0.70269376;0.55269384;0.8216938
2062.0;0.7306939;0.58069384;0.84869385
2063.0;0.7586939;0.60869384;0.87569386
2064.0;0.7866939;0.63669384;0.90269387
2065.0;0.81469387;0.66469383;0.9296938
2066.0;0.84269387;0.6926938;0.9566938
2067.0;0.87069386;0.7206938;0.98369384
2068.0;0.89869386;0.7486938;1.0106938
2069.0;0.92669386;0.7766938;1.0376939
2070.0;0.95469385;0.8046938;1.0646938
2071.0;0.98769385;0.8386938;1.0946939
2072.0;1.0206939;0.87269384;1.1246939
2073.0;1.0536939;0.9066939;1.1546938
2074.0;1.0866939;0.94069386;1.1846938
2075.0;1.1196939;0.97469383;1.2146939
2076.0;1.1526939;1.0086938;1.2446939
2077.0;1.1856939;1.0426939;1.2746938
2078.0;1.2186939;1.0766939;1.3046938
2079.0;1.2516938;1.1106938;1.3346938
2080.0;1.2846938;1.1446939;1.3646939
2081.0;1.3196938;1.1836939;1.3966938
2082.0;1.3546939;1.2226938;1.4286939
2083.0;1.3896939;1.2616938;1.4606938
2084.0;1.4246938;1.3006939;1.4926939
2085.0;1.4596938;1.3396939;1.5246938
2086.0;1.4946939;1.3786938;1.5566938
2087.0;1.5296938;1.4176939;1.5886939
2088.0;1.5646938;1.4566939;1.6206938
2089.0;1.5996939;1.4956938;1.6526939
2090.0;1.6346939;1.5346938;1.6846938
2091.0;1.6706938;1.5776938;1.7196938
2092.0;1.7066939;1.6206938;1.7546939
2093.0;1.7426939;1.6636939;1.7896938
2094.0;1.7786938;1.7066939;1.8246938
2095.0;1.8146938;1.7496939;1.8596939
2096.0;1.8506938;1.7926939;1.8946939
2097.0;1.8866938;1.8356938;1.9296938
2098.0;1.9226938;1.8786938;1.9646939
2099.0;1.9586939;1.9216938;1.9996939
2100.0;1.9946939;1.9646939;2.034694
