2020.0;0.08477657;0.074776575;0.104776576
2021.0;0.09077656;0.07877657;0.11477657
2022.0;0.096776575;0.08277658;0.12477657
2023.0;0.10277657;0.08677657;0.13477656
2024.0;0.10877658;0.09077657;0.14477658
2025.0;0.11477657;0.09477657;0.15477656
2026.0;0.120776564;0.09877657;0.16477656
2027.0;0.12677658;0.102776565;0.17477657
2028.0;0.13277656;0.10677657;0.18477656
2029.0;0.13877657;0.11077657;0.19477656
2030.0;0.14477657;0.114776574;0.20477657
2031.0;0.15377657;0.121776566;0.21677656
2032.0;0.16277656;0.12877658;0.22877657
2033.0;0.17177658;0.13577656;0.24077658
2034.0;0.18077658;0.14277658;0.2527766
2035.0;0.18977657;0.14977656;0.2647766
2036.0;0.19877659;0.15677656;0.27677658
2037.0;0.20777656;0.16377656;0.28877658
2038.0;0.21677656;0.17077656;0.30077657
2039.0;0.22577657;0.17777656;0.3127766
2040.0;0.23477657;0.18477656;0.3247766
2041.0;0.24877657;0.19377656;0.3387766
2042.0;0.26277658;0.20277658;0.3527766
2043.0;0.27677658;0.21177658;0.3667766
2044.0;0.29077658;0.22077659;0.38077658
2045.0;0.30477658;0.22977658;0.39477658
2046.0;0.31877658;0.23877658;0.4087766
2047.0;0.33277658;0.24777657;0.42277658
2048.0;0.34677657;0.25677657;0.43677658
2049.0;0.36077657;0.26577657;0.45077658
2050.0;0.37477657;0.27477658;0.46477658
2051.0;0.3917766;0.28877658;0.48277658
2052.0;0.40877658;0.30277658;0.5007765
2053.0;0.42577654;0.31677657;0.51877654
2054.0;0.4427766;0.33077657;0.5367766
2055.0;0.45977655;0.34477657;0.55477655
2056.0;0.47677654;0.35877657;0.57277656
2057.0;0.49377656;0.37277657;0.59077656
2058.0;0.5107766;0.38677657;0.60877657
2059.0;0.52777654;0.4007766;0.6267766
2060.0;0.54477656;0.4147766;0.6447765
2061.0;0.56477654;0.4357766;0.66477656
2062.0;0.5847765;0.4567766;0.68477654
2063.0;0.60477656;0.47777656;0.7047765
2064.0;0.62477654;0.49877658;0.72477657
2065.0;0.6447765;0.5197765;0.74477655
2066.0;0.66477656;0.54077655;0.7647765
2067.0;0.68477654;0.5617766;0.78477657
2068.0;0.7047765;0.58277655;0.80477655
2069.0;0.72477657;0.6037766;0.82477653
2070.0;0.74477655;0.62477654;0.8447766
2071.0;0.76777655;0.65077657;0.86577654
2072.0;0.79077655;0.6767765;0.88677657
2073.0;0.81377655;0.70277655;0.90777653
2074.0;0.83677655;0.7287766;0.9287766
2075.0;0.85977656;0.75477654;0.9497766
2076.0;0.8827766;0.78077656;0.9707766
2077.0;0.90577656;0.8067765;0.9917766
2078.0;0.92877656;0.83277655;1.0127766
2079.0;0.95177656;0.85877657;1.0337766
2080.0;0.97477657;0.88477653;1.0547767
2081.0;1.0007765;0.9137766;1.0777767
2082.0;1.0267766;0.94277656;1.1007766
2083.0;1.0527766;0.97177655;1.1237766
2084.0;1.0787766;1.0007766;1.1467766
2085.0;1.1047766;1.0297766;1.1697766
2086.0;1.1307766;1.0587766;1.1927766
2087.0;1.1567767;1.0877767;1.2157766
2088.0;1.1827766;1.1167766;1.2387766
2089.0;1.2087766;1.1457766;1.2617766
2090.0;1.2347766;1.1747766;1.2847766
2091.0;1.2607766;1.2057766;1.3077766
2092.0;1.2867767;1.2367766;1.3307766
2093.0;1.3127766;1.2677766;1.3537766
2094.0;1.3387766;1.2987766;1.3767766
2095.0;1.3647766;1.3297766;1.3997766
2096.0;1.3907766;1.3607767;1.4227766
2097.0;1.4167767;1.3917766;1.4457766
2098.0;1.4427766;1.4227766;1.4687766
2099.0;1.4687766;1.4537766;1.4917766
2100.0;1.4947766;1.4847766;1.5147766
2101.0;1.5207766;1.5067766;1.5477766
2102.0;1.5467767;1.5287766;1.5807766
2103.0;1.5727766;1.5507766;1.6137766
2104.0;1.5987766;1.5727766;1.6467766
2105.0;1.6247766;1.5947766;1.6797767
2106.0;1.6507766;1.6167766;1.7127767
2107.0;1.6767766;1.6387767;1.7457767
2108.0;1.7027767;1.6607766;1.7787766
2109.0;1.7287766;1.6827766;1.8117766
2110.0;1.7547766;1.7047766;1.8447766
2111.0;1.7797766;1.7227767;1.8807766
2112.0;1.8047767;1.7407767;1.9167767
2113.0;1.8297766;1.7587767;1.9527767
2114.0;1.8547766;1.7767766;1.9887766
2115.0;1.8797766;1.7947766;2.0247767
2116.0;1.9047766;1.8127766;2.0607767
2117.0;1.9297767;1.8307766;2.0967767
2118.0;1.9547766;1.8487766;2.1327765
2119.0;1.9797766;1.8667766;2.1687765
2120.0;2.0047767;1.8847766;2.2047765
2121.0;2.0287766;1.9007766;2.2427766
2122.0;2.0527766;1.9167767;2.2807765
2123.0;2.0767765;1.9327766;2.3187766
2124.0;2.1007767;1.9487766;2.3567767
2125.0;2.1247766;1.9647766;2.3947766
2126.0;2.1487765;1.9807767;2.4327767
2127.0;2.1727767;1.9967766;2.4707766
2128.0;2.1967766;2.0127766;2.5087767
2129.0;2.2207766;2.0287766;2.5467765
2130.0;2.2447767;2.0447767;2.5847766
2131.0;2.2677767;2.0597765;2.6247764
2132.0;2.2907767;2.0747766;2.6647766
2133.0;2.3137765;2.0897765;2.7047765
2134.0;2.3367765;2.1047766;2.744777
2135.0;2.3597765;2.1197767;2.7847767
2136.0;2.3827765;2.1347766;2.8247766
2137.0;2.4057765;2.1497767;2.8647766
2138.0;2.4287765;2.1647766;2.9047766
2139.0;2.4517765;2.1797767;2.9447765
2140.0;2.4747765;2.1947765;2.9847765
2141.0;2.4957764;2.2087767;3.0227764
2142.0;2.5167766;2.2227767;3.0607767
2143.0;2.5377767;2.2367766;3.0987766
2144.0;2.5587766;2.2507765;3.136777
2145.0;2.5797765;2.2647767;3.1747766
2146.0;2.6007767;2.2787766;3.2127767
2147.0;2.6217766;2.2927766;3.2507765
2148.0;2.6427767;2.3067765;3.2887766
2149.0;2.6637766;2.3207767;3.3267765
2150.0;2.6847765;2.3347766;3.3647766
