2020.0;0.0692852;0.0692852;0.0892852
2021.0;0.075285204;0.0732852;0.0952852
2022.0;0.0812852;0.0772852;0.101285204
2023.0;0.087285206;0.0812852;0.1072852
2024.0;0.09328521;0.08528521;0.113285206
2025.0;0.0992852;0.0892852;0.1192852
2026.0;0.105285205;0.0932852;0.12528521
2027.0;0.1112852;0.0972852;0.1312852
2028.0;0.1172852;0.101285204;0.1372852
2029.0;0.123285204;0.105285205;0.1432852
2030.0;0.1292852;0.109285206;0.1492852
2031.0;0.1352852;0.1142852;0.1572852
2032.0;0.1412852;0.1192852;0.1652852
2033.0;0.14728521;0.1242852;0.1732852
2034.0;0.1532852;0.1292852;0.1812852
2035.0;0.1592852;0.1342852;0.1892852
2036.0;0.1652852;0.1392852;0.1972852
2037.0;0.1712852;0.1442852;0.2052852
2038.0;0.17728521;0.1492852;0.21328521
2039.0;0.1832852;0.1542852;0.22128521
2040.0;0.1892852;0.1592852;0.2292852
2041.0;0.1982852;0.1652852;0.2382852
2042.0;0.2072852;0.1712852;0.2472852
2043.0;0.2162852;0.17728521;0.25628522
2044.0;0.22528522;0.1832852;0.26528522
2045.0;0.2342852;0.1892852;0.27428523
2046.0;0.24328521;0.1952852;0.28328523
2047.0;0.2522852;0.2012852;0.2922852
2048.0;0.26128522;0.2072852;0.3012852
2049.0;0.2702852;0.21328521;0.31028518
2050.0;0.27928522;0.2192852;0.3192852
2051.0;0.28928518;0.2272852;0.3302852
2052.0;0.2992852;0.23528521;0.34128523
2053.0;0.30928522;0.24328521;0.3522852
2054.0;0.3192852;0.25128523;0.3632852
2055.0;0.3292852;0.2592852;0.37428522
2056.0;0.33928522;0.26728523;0.38528523
2057.0;0.34928522;0.2752852;0.3962852
2058.0;0.3592852;0.28328523;0.4072852
2059.0;0.3692852;0.2912852;0.4182852
2060.0;0.37928522;0.2992852;0.42928523
2061.0;0.3922852;0.3092852;0.44228518
2062.0;0.4052852;0.3192852;0.45528522
2063.0;0.41828522;0.3292852;0.4682852
2064.0;0.4312852;0.33928522;0.4812852
2065.0;0.4442852;0.34928522;0.49428523
2066.0;0.45728523;0.3592852;0.50728524
2067.0;0.4702852;0.36928523;0.5202852
2068.0;0.48328522;0.37928522;0.5332852
2069.0;0.4962852;0.38928518;0.5462852
2070.0;0.5092852;0.39928523;0.5592852
2071.0;0.5232852;0.41228518;0.57228523
2072.0;0.5372852;0.42528522;0.58528525
2073.0;0.5512852;0.43828523;0.5982852
2074.0;0.5652852;0.4512852;0.6112852
2075.0;0.5792852;0.46428522;0.6242852
2076.0;0.5932852;0.4772852;0.63728523
2077.0;0.6072852;0.49028522;0.65028524
2078.0;0.6212852;0.5032852;0.6632852
2079.0;0.6352852;0.51628524;0.6762852
2080.0;0.6492852;0.5292852;0.6892852
2081.0;0.6652852;0.5502852;0.7052852
2082.0;0.6812852;0.5712852;0.7212852
2083.0;0.69728523;0.5922852;0.7372852
2084.0;0.7132852;0.61328524;0.7532852
2085.0;0.72928524;0.6342852;0.7692852
2086.0;0.7452852;0.65528524;0.78528523
2087.0;0.76128525;0.6762852;0.8012852
2088.0;0.7772852;0.69728523;0.81728524
2089.0;0.7932852;0.7182852;0.8332852
2090.0;0.8092852;0.73928523;0.84928524
2091.0;0.8272852;0.7642852;0.8642852
2092.0;0.84528524;0.78928524;0.8792852
2093.0;0.86328524;0.8142852;0.8942852
2094.0;0.8812852;0.8392852;0.9092852
2095.0;0.8992852;0.86428523;0.92428523
2096.0;0.9172852;0.8892852;0.9392852
2097.0;0.9352852;0.91428524;0.9542852
2098.0;0.9532852;0.9392852;0.9692852
2099.0;0.9712852;0.9642852;0.98428524
2100.0;0.98928523;0.98928523;0.9992852
