1900.0;-0.1413468475341797;-0.15904685974121094;-0.12264685058593751
1901.0;-0.1366468505859375;-0.15584684753417968;-0.11694685363769532
1902.0;-0.1483468475341797;-0.16699685668945313;-0.12929685974121094
1903.0;-0.1373968505859375;-0.1566968536376953;-0.11944685363769532
1904.0;-0.13694685363769532;-0.15454685974121093;-0.11719685363769532
1905.0;-0.1288468475341797;-0.14749685668945312;-0.10999684906005859
1906.0;-0.14349685668945314;-0.16169685363769531;-0.1252968521118164
1907.0;-0.13654685974121095;-0.15559684753417968;-0.1196468505859375
1908.0;-0.1518968505859375;-0.16979685974121095;-0.13319685363769532
1909.0;-0.14664685058593752;-0.16579685974121094;-0.1281468505859375
1910.0;-0.14479685974121095;-0.16274685668945313;-0.1269968490600586
1911.0;-0.12974685668945313;-0.1465968475341797;-0.11224684906005859
1912.0;-0.12164685058593751;-0.13929685974121095;-0.10419685363769532
1913.0;-0.11379685211181641;-0.13119685363769532;-0.0971468505859375
1914.0;-0.1117968521118164;-0.1298468475341797;-0.09459685516357422
1915.0;-0.10834685516357422;-0.1256968536376953;-0.09144685363769531
1916.0;-0.13504685974121095;-0.1519468536376953;-0.11759685516357422
1917.0;-0.1251968536376953;-0.14199685668945314;-0.10894685363769531
1918.0;-0.1209968490600586;-0.13774685668945313;-0.10459685516357423
1919.0;-0.11469685363769531;-0.13169685363769532;-0.09784685516357422
1920.0;-0.10639685058593751;-0.12239685058593751;-0.09014685058593751
1921.0;-0.10629685211181641;-0.1229968490600586;-0.0902468490600586
1922.0;-0.1081468505859375;-0.12369685363769531;-0.0917968521118164
1923.0;-0.1224968490600586;-0.1393968505859375;-0.10644685363769532
1924.0;-0.1169968490600586;-0.13244685363769532;-0.10234685516357422
1925.0;-0.1219968490600586;-0.13694685363769532;-0.1072468490600586
1926.0;-0.12294685363769532;-0.1373968505859375;-0.1077968521118164
1927.0;-0.1161468505859375;-0.13029685974121094;-0.10144685363769532
1928.0;-0.11844685363769532;-0.13349685668945313;-0.1031468505859375
1929.0;-0.1191468505859375;-0.13374685668945313;-0.1041468505859375
1930.0;-0.11409685516357422;-0.1286968536376953;-0.09959685516357422
1931.0;-0.11359685516357422;-0.1276968536376953;-0.0996468505859375
1932.0;-0.09944685363769531;-0.1136468505859375;-0.08544685363769532
1933.0;-0.10609685516357423;-0.11984685516357423;-0.09119685363769531
1934.0;-0.11904685211181641;-0.1328968505859375;-0.1046468505859375
1935.0;-0.10619685363769532;-0.11984685516357423;-0.0928968505859375
1936.0;-0.11194685363769531;-0.1259468536376953;-0.09829685211181641
1937.0;-0.10284685516357422;-0.11679685211181641;-0.08954685211181641
1938.0;-0.0931468505859375;-0.10694685363769532;-0.07994685363769531
1939.0;-0.08944685363769532;-0.1022468490600586;-0.0758968505859375
1940.0;-0.09979685211181641;-0.1125468521118164;-0.08704685211181641
1941.0;-0.08494685363769532;-0.0971468505859375;-0.07129685211181641
1942.0;-0.08469685363769532;-0.09694685363769531;-0.0719968490600586
1943.0;-0.07774684906005859;-0.09039685058593751;-0.06594685363769531
1944.0;-0.0864968490600586;-0.09879685211181641;-0.07459685516357423
1945.0;-0.08659685516357422;-0.09904685211181641;-0.0752468490600586
1946.0;-0.07229685211181641;-0.0837468490600586;-0.06004685211181641
1947.0;-0.08024684906005859;-0.0914968490600586;-0.06909685516357422
1948.0;-0.0721468505859375;-0.08384685516357422;-0.06054685211181641
1949.0;-0.06004685211181641;-0.07169685363769532;-0.04849685287475586
1950.0;-0.0637968521118164;-0.07514685058593751;-0.05249685287475586
1951.0;-0.053446853637695316;-0.0646468505859375;-0.0418968505859375
1952.0;-0.05329685211181641;-0.06444685363769531;-0.041796852111816406
1953.0;-0.04784685134887695;-0.058296852111816407;-0.036346851348876955
1954.0;-0.05749685287475586;-0.06819685363769531;-0.04679685211181641
1955.0;-0.05399685287475586;-0.06499684906005859;-0.0438968505859375
1956.0;-0.0674968490600586;-0.07769685363769531;-0.05744685363769531
1957.0;-0.051696853637695314;-0.06124685287475586;-0.04109685134887695
1958.0;-0.053596851348876956;-0.06219685363769532;-0.043946853637695314
1959.0;-0.05059685134887695;-0.05924685287475586;-0.0416468505859375
1960.0;-0.0446468505859375;-0.053346851348876956;-0.03574685287475586
1961.0;-0.04524685287475586;-0.0531468505859375;-0.03604685211181641
1962.0;-0.046896850585937504;-0.05519685363769531;-0.0386468505859375
1963.0;-0.046446853637695316;-0.05509685134887696;-0.03729685211181641
1964.0;-0.05044685363769531;-0.05899685287475586;-0.04174685287475586
1965.0;-0.0441468505859375;-0.052596851348876955;-0.035846851348876954
1966.0;-0.0503968505859375;-0.0588968505859375;-0.0421468505859375
1967.0;-0.05059685134887695;-0.058846851348876954;-0.042296852111816406
1968.0;-0.052596851348876955;-0.06049685287475586;-0.045096851348876955
1969.0;-0.0523968505859375;-0.05999685287475586;-0.04449685287475586
1970.0;-0.052446853637695315;-0.0606468505859375;-0.044596851348876955
1971.0;-0.04049685287475586;-0.04834685134887695;-0.03244685363769531
1972.0;-0.046346851348876957;-0.054096851348876956;-0.038096851348876956
1973.0;-0.05074685287475586;-0.059446853637695314;-0.04284685134887695
1974.0;-0.04449685287475586;-0.05274685287475586;-0.0363968505859375
1975.0;-0.03599685287475586;-0.043596851348876954;-0.027646852493286134
1976.0;-0.0456468505859375;-0.0536468505859375;-0.038096851348876956
1977.0;-0.04109685134887695;-0.04869685363769531;-0.0336468505859375
1978.0;-0.045696853637695316;-0.0533968505859375;-0.038346851348876956
1979.0;-0.0356468505859375;-0.04349685287475586;-0.028346853256225588
1980.0;-0.038196853637695316;-0.04579685211181641;-0.031046852111816407
1981.0;-0.02094685173034668;-0.028346853256225588;-0.01374685287475586
1982.0;-0.02909685325622559;-0.03679685211181641;-0.02194685173034668
1983.0;-0.025846853256225585;-0.03309685134887695;-0.018346853256225586
1984.0;-0.02599685287475586;-0.03349685287475586;-0.01894685173034668
1985.0;-0.03174685287475586;-0.03884685134887696;-0.02469685173034668
1986.0;-0.024546852111816408;-0.03139685249328613;-0.017646852493286132
1987.0;-0.02699685287475586;-0.03444685363769531;-0.020046852111816407
1988.0;-0.02974685287475586;-0.03699685287475586;-0.022396852493286133
1989.0;-0.022596853256225586;-0.029446851730346682;-0.015796852111816407
1990.0;-0.01969685173034668;-0.026046852111816406;-0.012196852684020997
1991.0;-0.026796852111816406;-0.0356468505859375;-0.018296852111816406
1992.0;-0.02744685173034668;-0.03469685363769531;-0.02024685287475586
1993.0;-0.026396852493286133;-0.03359685134887695;-0.019646852493286134
1994.0;-0.02369685173034668;-0.0323968505859375;-0.015296852111816406
1995.0;-0.012546852111816406;-0.022846853256225586;-0.002896852493286133
1996.0;-0.017446851730346682;-0.023646852493286134;-0.011046852111816406
1997.0;-0.0036468524932861328;-0.011446852684020997;0.0034531476497650145
1998.0;-0.0034968523979187014;-0.009946852684020997;0.0031531476974487305
1999.0;-0.0004968523979187011;-0.00909685230255127;0.008603147506713867
2000.0;0.0018531476259231567;0.0018531476259231567;0.0018531476259231567
2001.0;0.0038531475067138674;-0.0020468523502349856;0.009803147315979003
2002.0;0.013553147315979005;0.00790314769744873;0.01930314826965332
2003.0;0.017403146743774415;0.011353147506713868;0.023453147888183593
2004.0;0.0032031476497650147;-0.0029968523979187014;0.009503147125244141
2005.0;0.009353147506713868;0.003303147554397583;0.01605314826965332
2006.0;0.021403146743774415;0.015003147125244141;0.027653146743774414
2007.0;0.015603147506713868;0.009203147888183594;0.021803148269653322
2008.0;0.022853147506713866;0.016653146743774414;0.029403146743774415
2009.0;0.024903146743774415;0.018453147888183596;0.031503147125244144
2010.0;0.02935314750671387;0.022203147888183596;0.036703147888183595
2011.0;0.025103147506713868;0.01860314750671387;0.03185314750671387
2012.0;0.044703147888183595;0.0378531494140625;0.051203147888183594
2013.0;0.03850314712524414;0.03135314750671387;0.04615314865112305
2014.0;0.04430314636230469;0.0368531494140625;0.051453147888183594
2015.0;0.050303146362304686;0.04245314788818359;0.05770314788818359
2016.0;0.0562031478881836;0.048753147125244145;0.06425315093994141
2017.0;0.0646031494140625;0.0566031494140625;0.0730031509399414
2018.0;0.06810314941406251;0.0596031494140625;0.07640314483642578
