2020.0;0.0746062;0.064606205;0.0746062
2021.0;0.078606196;0.0676062;0.07960619
2022.0;0.082606204;0.0706062;0.0846062
2023.0;0.086606205;0.0736062;0.0896062
2024.0;0.0906062;0.0766062;0.0946062
2025.0;0.0946062;0.0796062;0.0996062
2026.0;0.0986062;0.082606204;0.104606204
2027.0;0.1026062;0.0856062;0.1096062
2028.0;0.1066062;0.0886062;0.1146062
2029.0;0.1106062;0.0916062;0.119606204
2030.0;0.1146062;0.0946062;0.1246062
2031.0;0.118606195;0.09860619;0.1296062
2032.0;0.1226062;0.1026062;0.1346062
2033.0;0.1266062;0.1066062;0.13960621
2034.0;0.1306062;0.1106062;0.1446062
2035.0;0.1346062;0.1146062;0.1496062
2036.0;0.1386062;0.1186062;0.15460621
2037.0;0.1426062;0.1226062;0.1596062
2038.0;0.1466062;0.1266062;0.1646062
2039.0;0.1506062;0.1306062;0.1696062
2040.0;0.15460621;0.1346062;0.1746062
2041.0;0.1596062;0.13960621;0.1806062
2042.0;0.1646062;0.1446062;0.1866062
2043.0;0.1696062;0.1496062;0.1926062
2044.0;0.1746062;0.15460621;0.19860621
2045.0;0.1796062;0.1596062;0.2046062
2046.0;0.1846062;0.1646062;0.2106062
2047.0;0.1896062;0.1696062;0.2166062
2048.0;0.1946062;0.1746062;0.2226062
2049.0;0.19960618;0.1796062;0.2286062
2050.0;0.2046062;0.1846062;0.2346062
2051.0;0.20960619;0.1896062;0.23960619
2052.0;0.2146062;0.1946062;0.2446062
2053.0;0.2196062;0.1996062;0.2496062
2054.0;0.2246062;0.2046062;0.25460622
2055.0;0.2296062;0.2096062;0.2596062
2056.0;0.2346062;0.2146062;0.2646062
2057.0;0.2396062;0.2196062;0.2696062
2058.0;0.2446062;0.2246062;0.2746062
2059.0;0.2496062;0.2296062;0.2796062
2060.0;0.2546062;0.2346062;0.2846062
2061.0;0.2606062;0.24060619;0.2896062
2062.0;0.2666062;0.2466062;0.2946062
2063.0;0.2726062;0.2526062;0.2996062
2064.0;0.2786062;0.2586062;0.3046062
2065.0;0.2846062;0.2646062;0.3096062
2066.0;0.2906062;0.2706062;0.3146062
2067.0;0.2966062;0.2766062;0.3196062
2068.0;0.3026062;0.2826062;0.3246062
2069.0;0.3086062;0.2886062;0.3296062
2070.0;0.3146062;0.2946062;0.3346062
2071.0;0.3206062;0.3006062;0.3406062
2072.0;0.3266062;0.3066062;0.3466062
2073.0;0.3326062;0.31260622;0.3526062
2074.0;0.3386062;0.3186062;0.3586062
2075.0;0.3446062;0.3246062;0.3646062
2076.0;0.3506062;0.3306062;0.3706062
2077.0;0.35660622;0.3366062;0.3766062
2078.0;0.3626062;0.3426062;0.3826062
2079.0;0.3686062;0.3486062;0.3886062
2080.0;0.3746062;0.3546062;0.3946062
2081.0;0.3806062;0.3616062;0.3996062
2082.0;0.3866062;0.3686062;0.4046062
2083.0;0.3926062;0.3756062;0.4096062
2084.0;0.3986062;0.3826062;0.4146062
2085.0;0.4046062;0.3896062;0.4196062
2086.0;0.4106062;0.3966062;0.4246062
2087.0;0.4166062;0.4036062;0.4296062
2088.0;0.4226062;0.4106062;0.4346062
2089.0;0.4286062;0.4176062;0.4396062
2090.0;0.4346062;0.4246062;0.4446062
2091.0;0.4406062;0.4316062;0.4506062
2092.0;0.4466062;0.4386062;0.4566062
2093.0;0.4526062;0.4456062;0.4626062
2094.0;0.4586062;0.4526062;0.4686062
2095.0;0.4646062;0.4596062;0.47460622
2096.0;0.4706062;0.4666062;0.4806062
2097.0;0.4766062;0.4736062;0.4866062
2098.0;0.4826062;0.4806062;0.4926062
2099.0;0.4886062;0.4876062;0.4986062
2100.0;0.4946062;0.4946062;0.5046062
2101.0;0.5016062;0.5006062;0.5116062
2102.0;0.5086062;0.5066062;0.5186062
2103.0;0.5156062;0.5126062;0.5256062
2104.0;0.5226062;0.5186062;0.5326062
2105.0;0.5296062;0.5246062;0.5396062
2106.0;0.5366062;0.5306062;0.5466062
2107.0;0.5436062;0.5366062;0.5536062
2108.0;0.5506062;0.5426062;0.5606062
2109.0;0.5576062;0.5486062;0.5676062
2110.0;0.5646062;0.5546062;0.5746062
2111.0;0.5706062;0.5596062;0.5826062
2112.0;0.5766062;0.5646062;0.5906062
2113.0;0.5826062;0.5696062;0.5986062
2114.0;0.5886062;0.5746062;0.6066062
2115.0;0.5946062;0.5796062;0.6146062
2116.0;0.6006062;0.58460623;0.6226062
2117.0;0.6066062;0.5896062;0.6306062
2118.0;0.6126062;0.5946062;0.6386062
2119.0;0.6186062;0.5996062;0.6466062
2120.0;0.6246062;0.6046062;0.6546062
2121.0;0.6306062;0.6096062;0.6626062
2122.0;0.6366062;0.6146062;0.67060626
2123.0;0.6426062;0.6196062;0.6786062
2124.0;0.6486062;0.6246062;0.6866062
2125.0;0.6546062;0.6296062;0.6946062
2126.0;0.6606062;0.6346062;0.7026062
2127.0;0.6666062;0.6396062;0.7106062
2128.0;0.6726062;0.6446062;0.7186062
2129.0;0.6786062;0.6496062;0.7266062
2130.0;0.6846062;0.6546062;0.7346062
2131.0;0.6916062;0.6586062;0.7426062
2132.0;0.69860625;0.66260624;0.75060624
2133.0;0.7056062;0.6666062;0.7586062
2134.0;0.7126062;0.6706062;0.7666062
2135.0;0.7196062;0.6746062;0.7746062
2136.0;0.7266062;0.6786062;0.7826062
2137.0;0.7336062;0.6826062;0.7906062
2138.0;0.7406062;0.6866062;0.7986062
2139.0;0.7476062;0.6906062;0.8066062
2140.0;0.7546062;0.6946062;0.8146062
2141.0;0.7606062;0.6996062;0.8236062
2142.0;0.7666063;0.70460624;0.83260626
2143.0;0.7726062;0.70960623;0.8416062
2144.0;0.7786062;0.7146062;0.8506062
2145.0;0.7846062;0.7196062;0.8596062
2146.0;0.7906062;0.7246062;0.8686062
2147.0;0.7966062;0.7296062;0.8776062
2148.0;0.8026062;0.7346062;0.8866062
2149.0;0.8086062;0.7396062;0.8956062
2150.0;0.8146062;0.7446062;0.9046062
