1900.0;-0.0063587818145751955;-0.013013928413391114;-0.00016392874717712403
1901.0;-0.006304253578186036;-0.01286392879486084;-0.00016392874717712403
1902.0;-0.006249534606933594;-0.012763928413391114;-0.00016392874717712403
1903.0;-0.006195758819580078;-0.012663928985595704;-0.00016392874717712403
1904.0;-0.00614156436920166;-0.012513928413391114;-0.00016392874717712403
1905.0;-0.006087044715881348;-0.012413928985595703;-0.00016392874717712403
1906.0;-0.006032520294189454;-0.012263928413391113;-0.0002139286994934082
1907.0;-0.005978207588195801;-0.012163928985595703;-0.0002139286994934082
1908.0;-0.005924123764038086;-0.012013928413391113;-0.0002139286994934082
1909.0;-0.005869664192199707;-0.011913928985595703;-0.0002639288902282715
1910.0;-0.0058154697418212895;-0.011813928604125976;-0.0002639288902282715
1911.0;-0.005761017799377441;-0.011713929176330566;-0.0002639288902282715
1912.0;-0.0057067003250122076;-0.01161392879486084;-0.00031392884254455566
1913.0;-0.00565272331237793;-0.011463929176330566;-0.00031392884254455566
1914.0;-0.0055983572006225585;-0.011313928604125978;-0.00031392884254455566
1915.0;-0.005544042587280274;-0.011213929176330567;-0.00031392884254455566
1916.0;-0.005489855766296387;-0.011063928604125977;-0.00031392884254455566
1917.0;-0.005436105728149414;-0.010963929176330567;-0.00031392884254455566
1918.0;-0.005381207466125489;-0.01086392879486084;-0.00036392879486083987
1919.0;-0.005326705932617188;-0.010763928413391114;-0.00036392879486083987
1920.0;-0.005273168563842774;-0.01061392879486084;-0.00036392879486083987
1921.0;-0.005218887329101563;-0.010513928413391114;-0.00036392879486083987
1922.0;-0.005164192199707031;-0.010413928985595703;-0.00036392879486083987
1923.0;-0.005110424995422363;-0.010263928413391113;-0.00031392884254455566
1924.0;-0.005055557250976563;-0.01011392879486084;-0.00031392884254455566
1925.0;-0.005001724243164063;-0.010013928413391113;-0.00031392884254455566
1926.0;-0.00494661808013916;-0.009913928985595703;-0.00031392884254455566
1927.0;-0.0048929939270019535;-0.009763928413391113;-0.00036392879486083987
1928.0;-0.004839139938354492;-0.009663928985595703;-0.00036392879486083987
1929.0;-0.004784936428070068;-0.009563928604125976;-0.00036392879486083987
1930.0;-0.004730275154113769;-0.009413928985595703;-0.00036392879486083987
1931.0;-0.004676551342010498;-0.009313928604125978;-0.00036392879486083987
1932.0;-0.004621270179748535;-0.009163928985595704;-0.00036392879486083987
1933.0;-0.004567424297332764;-0.009063928604125977;-0.00036392879486083987
1934.0;-0.00451280403137207;-0.008963929176330567;-0.00041392874717712403
1935.0;-0.004458791732788086;-0.008813928604125977;-0.00041392874717712403
1936.0;-0.004404756546020508;-0.008713929176330567;-0.00041392874717712403
1937.0;-0.004350911140441895;-0.008563928604125977;-0.00036392879486083987
1938.0;-0.004295642375946045;-0.008463929176330567;-0.00036392879486083987
1939.0;-0.004241868972778321;-0.008313928604125977;-0.00036392879486083987
1940.0;-0.004187569618225097;-0.008213929176330566;-0.00036392879486083987
1941.0;-0.004133708000183106;-0.008063928604125976;-0.00041392874717712403
1942.0;-0.004079431056976318;-0.007963929176330566;-0.00041392874717712403
1943.0;-0.004024327754974365;-0.00786392879486084;-0.00036392879486083987
1944.0;-0.0039706435203552244;-0.007713929176330567;-0.00036392879486083987
1945.0;-0.003916102409362793;-0.00761392879486084;-0.00036392879486083987
1946.0;-0.003861480712890625;-0.0075139284133911135;-0.00036392879486083987
1947.0;-0.003807893753051758;-0.007413928985595703;-0.00036392879486083987
1948.0;-0.003753190994262695;-0.007263928413391113;-0.00036392879486083987
1949.0;-0.003699230194091797;-0.007163928985595703;-0.00036392879486083987
1950.0;-0.003644421100616455;-0.007063928604125976;-0.00036392879486083987
1951.0;-0.0035906033515930177;-0.006913928985595703;-0.00036392879486083987
1952.0;-0.003536107063293457;-0.006813928604125977;-0.00036392879486083987
1953.0;-0.003481860637664795;-0.006713929176330567;-0.00036392879486083987
1954.0;-0.003427879810333252;-0.006563928604125977;-0.00036392879486083987
1955.0;-0.0033733034133911132;-0.006463929176330567;-0.00036392879486083987
1956.0;-0.0033196349143981936;-0.00636392879486084;-0.00031392884254455566
1957.0;-0.003265420913696289;-0.006263928413391113;-0.00036392879486083987
1958.0;-0.003210843563079834;-0.006163928985595703;-0.00031392884254455566
1959.0;-0.0031569604873657228;-0.006063928604125976;-0.00031392884254455566
1960.0;-0.003102095603942871;-0.005913928985595703;-0.00031392884254455566
1961.0;-0.0030489583015441894;-0.005813928604125977;-0.00031392884254455566
1962.0;-0.0029934391975402833;-0.0056639289855957035;-0.00031392884254455566
1963.0;-0.002939846992492676;-0.005563928604125977;-0.00031392884254455566
1964.0;-0.0028858666419982913;-0.005463929176330567;-0.00031392884254455566
1965.0;-0.0028310813903808596;-0.00536392879486084;-0.0002639288902282715
1966.0;-0.0027771692276000975;-0.005213929176330566;-0.0002639288902282715
1967.0;-0.0027229552268981934;-0.00511392879486084;-0.0002639288902282715
1968.0;-0.002667791843414307;-0.005013928413391113;-0.0002139286994934082
1969.0;-0.002614306926727295;-0.004913928985595703;-0.0002139286994934082
1970.0;-0.002560532569885254;-0.004813928604125977;-0.0002139286994934082
1971.0;-0.002505424976348877;-0.0046639289855957035;-0.0002139286994934082
1972.0;-0.002450817584991455;-0.00461392879486084;-0.00016392874717712403
1973.0;-0.002397047519683838;-0.004513928890228272;-0.00016392874717712403
1974.0;-0.002342611312866211;-0.004413928985595703;-0.00011392879486083985
1975.0;-0.002288875102996826;-0.0042639288902282715;-0.00011392879486083985
1976.0;-0.0022339048385620116;-0.004213928699493408;-0.00011392879486083985
1977.0;-0.002180461883544922;-0.00411392879486084;-0.00011392879486083985
1978.0;-0.0021259799003601073;-0.004013928890228271;-6.392884254455566e-5
1979.0;-0.0020716276168823242;-0.003913928985595703;-6.392884254455566e-5
1980.0;-0.00201731538772583;-0.00386392879486084;-1.3928890228271485e-5
1981.0;-0.001963202953338623;-0.0038139286041259765;-1.3928890228271485e-5
1982.0;-0.001908496379852295;-0.003713928699493408;3.60713005065918e-5
1983.0;-0.0018550806045532226;-0.00361392879486084;3.60713005065918e-5
1984.0;-0.0017999749183654785;-0.0035639286041259767;8.607125282287598e-5
1985.0;-0.0017465987205505372;-0.0035139288902282717;8.607125282287598e-5
1986.0;-0.0016914262771606445;-0.0034639286994934083;0.00013607120513916017
1987.0;-0.0016372790336608887;-0.0034139289855957032;0.00018607115745544433
1988.0;-0.0015828256607055664;-0.0033139286041259765;0.00023607110977172851
1989.0;-0.0015295486450195312;-0.003213928699493408;0.0002860713005065918
1990.0;-0.0014741806983947755;-0.003163928985595703;0.000336071252822876
1991.0;-0.0014208831787109375;-0.00311392879486084;0.00038607120513916015
1992.0;-0.0015784592628479005;-0.0033139286041259765;0.0002860713005065918
1993.0;-0.0015469951629638672;-0.00336392879486084;0.0005360713005065918
1994.0;-0.0012096490859985353;-0.00286392879486084;0.0007360711097717285
1995.0;-0.0009648251533508301;-0.0025639286041259767;0.000836071252822876
1996.0;-0.0008415532112121582;-0.00236392879486084;0.000836071252822876
1997.0;-0.000687420129776001;-0.0020639286041259767;0.0008860712051391602
1998.0;-0.0005142502784729004;-0.0018639287948608398;0.0010360713005065918
1999.0;-0.00022441935539245606;-0.0014139289855957032;0.0011360712051391602
2000.0;0.0;-0.0010639286041259767;0.0011860711574554444
2001.0;0.00015649962425231935;-0.0009139289855957032;0.001236071228981018
2002.0;0.00026450228691101075;-0.0006139287948608398;0.0011860711574554444
2003.0;0.0005755701065063477;-0.00016392874717712403;0.0014360711574554444
2004.0;0.001055922031402588;0.00043607115745544436;0.0017860711812973022
2005.0;0.000981987476348877;0.00043607115745544436;0.001586071252822876
2006.0;0.0007216992378234863;0.0002860713005065918;0.001236071228981018
2007.0;0.0012896897792816161;0.0009360711574554443;0.0016860711574554444
2008.0;0.0021021686792373658;0.001836071252822876;0.00238607120513916
2009.0;0.0020576635599136354;0.0018860712051391602;0.0022360712289810182
2010.0;0.002900351047515869;0.0028360711932182312;0.0029860711991786955
2011.0;0.0032231779992580416;0.0031360712051391603;0.0032860712110996245
2012.0;0.0035189522802829745;0.0033360712081193923;0.003686071217060089
2013.0;0.004216042280197144;0.003936071217060089;0.004436071157455444
2014.0;0.004906122207641602;0.004536071181297303;0.005236071109771728
2015.0;0.005837629079818726;0.005336071252822876;0.006286071300506592
2016.0;0.005648001909255982;0.005036071181297302;0.006186071157455444
2017.0;0.005788489580154419;0.005036071181297302;0.006436071157455444
2018.0;0.006946092605590821;0.006086071252822876;0.007686071395874024
