1900.0;-0.14276949691772461;-0.1730653190612793;-0.11051086044311524
1901.0;-0.13830973434448243;-0.17052656173706054;-0.10540566635131836
1902.0;-0.14989802169799804;-0.18158210372924805;-0.11772187423706056
1903.0;-0.1397758903503418;-0.172205623626709;-0.10843856430053711
1904.0;-0.13822813034057618;-0.1696750602722168;-0.10695817184448242
1905.0;-0.13048948287963869;-0.16163930892944336;-0.0998595085144043
1906.0;-0.14511332321166992;-0.17543453598022463;-0.11399743270874024
1907.0;-0.1387772789001465;-0.1703441276550293;-0.10946935653686524
1908.0;-0.15362055587768556;-0.184445125579834;-0.1221059226989746
1909.0;-0.14823400497436523;-0.17849493026733398;-0.11600690841674804
1910.0;-0.1466295280456543;-0.17689312362670898;-0.11503759384155274
1911.0;-0.131226619720459;-0.16131887435913086;-0.10088109970092773
1912.0;-0.12357358932495117;-0.15242782211303713;-0.09358347702026368
1913.0;-0.11595595932006836;-0.14581435775756837;-0.08652637100219726
1914.0;-0.11396499252319336;-0.14301908493041993;-0.0848829231262207
1915.0;-0.11045537948608398;-0.1386670036315918;-0.08083415603637696
1916.0;-0.1367660026550293;-0.16482001876831054;-0.10773945236206055
1917.0;-0.12690719223022462;-0.1545344352722168;-0.0976991081237793
1918.0;-0.12287258529663087;-0.1504665641784668;-0.09466164779663086
1919.0;-0.11643159103393555;-0.14479284286499025;-0.08854019546508789
1920.0;-0.10780437850952149;-0.1342819175720215;-0.07995993423461914
1921.0;-0.10813268661499023;-0.1349823112487793;-0.0814876823425293
1922.0;-0.1096778678894043;-0.1368099937438965;-0.08217616653442383
1923.0;-0.12448112106323242;-0.15214635848999022;-0.09579488754272461
1924.0;-0.11922356796264649;-0.14448507308959962;-0.09304906845092774
1925.0;-0.12387321090698243;-0.15011709213256835;-0.09724997329711914
1926.0;-0.1245402488708496;-0.14869555282592772;-0.09905392074584961
1927.0;-0.1176681022644043;-0.1416759910583496;-0.09303399276733398
1928.0;-0.12014553451538086;-0.14479743576049806;-0.09477968978881836
1929.0;-0.12083744430541993;-0.14522011947631835;-0.09714180374145508
1930.0;-0.11593902206420899;-0.13951403427124023;-0.09163566207885743
1931.0;-0.11561814498901367;-0.1397452507019043;-0.09111377334594727
1932.0;-0.10130100631713868;-0.12490073776245117;-0.07730810928344727
1933.0;-0.10743818283081055;-0.1316545066833496;-0.0834011116027832
1934.0;-0.1206381492614746;-0.14337458419799806;-0.09690356826782227
1935.0;-0.10828367233276368;-0.13236098861694337;-0.08572211074829102
1936.0;-0.11410311508178711;-0.13740526962280275;-0.0916096076965332
1937.0;-0.1048735466003418;-0.12777639389038087;-0.08303963088989258
1938.0;-0.0953761100769043;-0.1172667350769043;-0.07317461776733399
1939.0;-0.09119685745239257;-0.11229038619995117;-0.06946181106567383
1940.0;-0.10186648178100587;-0.12342075729370118;-0.08104488754272461
1941.0;-0.08652254867553712;-0.10759783554077149;-0.06563373947143555
1942.0;-0.08636967849731446;-0.10616929244995117;-0.06578593063354492
1943.0;-0.07984627151489258;-0.1003011589050293;-0.05986462783813477
1944.0;-0.08838013076782227;-0.10819431686401368;-0.06908245468139648
1945.0;-0.0886800422668457;-0.10806888961791992;-0.06881304550170898
1946.0;-0.07397855758666992;-0.09282841873168945;-0.054364093780517576
1947.0;-0.08204996109008789;-0.10081794357299804;-0.06359611892700195
1948.0;-0.07411552810668945;-0.09306119918823243;-0.05542874526977539
1949.0;-0.06182880020141602;-0.08016215133666993;-0.04362298965454102
1950.0;-0.06569478225708007;-0.08431493759155273;-0.0476816520690918
1951.0;-0.055124195098876956;-0.0735020637512207;-0.036049434661865234
1952.0;-0.05508614730834961;-0.07323221969604492;-0.036834896087646486
1953.0;-0.04927920150756836;-0.06739707565307618;-0.031174182891845703
1954.0;-0.05944614028930664;-0.07654644393920898;-0.04250918197631836
1955.0;-0.056134418487548826;-0.07410692214965821;-0.039220401763916016
1956.0;-0.06954829025268555;-0.08589117050170898;-0.05332948684692383
1957.0;-0.05345112991333008;-0.0707547492980957;-0.03635094833374024
1958.0;-0.055235836029052736;-0.07000286483764649;-0.04114982223510742
1959.0;-0.05223932266235352;-0.06651135635375977;-0.03814384078979492
1960.0;-0.04637637710571289;-0.06030947494506836;-0.03273299026489258
1961.0;-0.0467227897644043;-0.05979804611206055;-0.033179351806640625
1962.0;-0.04861993026733399;-0.061162151336669926;-0.03581254959106445
1963.0;-0.04819939804077149;-0.06138041305541992;-0.03490643692016602
1964.0;-0.05226007461547852;-0.06543649673461914;-0.03877073287963867
1965.0;-0.04616347885131836;-0.0592490348815918;-0.03318341064453125
1966.0;-0.052257923126220705;-0.0650311164855957;-0.03941717910766602
1967.0;-0.05247500228881836;-0.06477718734741211;-0.03984968948364258
1968.0;-0.05450373458862305;-0.0665944938659668;-0.04226775741577148
1969.0;-0.05418802261352539;-0.06633578872680664;-0.041865612030029295
1970.0;-0.054412425994873045;-0.06654169845581055;-0.04185237503051758
1971.0;-0.042269451141357425;-0.0542555046081543;-0.029567398071289063
1972.0;-0.04799606704711914;-0.05986355972290039;-0.03532727432250977
1973.0;-0.05275342178344727;-0.06553351974487305;-0.040262653350830076
1974.0;-0.04628696060180664;-0.05878512191772461;-0.0337438850402832
1975.0;-0.03762886428833008;-0.04932540512084961;-0.025667285919189455
1976.0;-0.047603878021240234;-0.05866061019897461;-0.03620169448852539
1977.0;-0.04296913528442383;-0.05434746932983399;-0.03133205795288086
1978.0;-0.04764516067504883;-0.058323352813720704;-0.03623507308959961
1979.0;-0.03776225662231445;-0.049428768157958984;-0.026467403411865233
1980.0;-0.040063854217529296;-0.05102225112915039;-0.028508071899414063
1981.0;-0.022883026123046876;-0.03380069351196289;-0.011696823120117187
1982.0;-0.031133884429931643;-0.04192910385131836;-0.02018556594848633
1983.0;-0.027739696502685547;-0.03855524826049805;-0.01664594268798828
1984.0;-0.028060108184814452;-0.03891386032104492;-0.01740034103393555
1985.0;-0.03368546676635742;-0.04351925277709961;-0.023370723724365234
1986.0;-0.026384323120117188;-0.03629890823364258;-0.016437255859375
1987.0;-0.02895206451416016;-0.039108409881591796;-0.01872433853149414
1988.0;-0.03157484817504883;-0.04220762252807617;-0.02119640350341797
1989.0;-0.024447269439697265;-0.03400525283813477;-0.01505709457397461
1990.0;-0.021184799194335937;-0.031174030303955078;-0.010730148315429688
1991.0;-0.028748294830322266;-0.042470584869384764;-0.014699249267578126
1992.0;-0.029389801025390627;-0.04001559829711914;-0.018581005096435548
1993.0;-0.02841832733154297;-0.038327808380126956;-0.018230785369873048
1994.0;-0.025580326080322267;-0.03839533615112305;-0.012049106597900391
1995.0;-0.014678073883056642;-0.02984668731689453;0.0007080860137939453
1996.0;-0.01926310729980469;-0.0279813232421875;-0.010357418060302735
1997.0;-0.005713386535644531;-0.016889450073242187;0.005237937927246094
1998.0;-0.005266979217529297;-0.01524913787841797;0.004588191986083985
1999.0;-0.0021690635681152343;-0.017803089141845703;0.012974502563476563
2000.0;0.0;-0.008670391082763672;0.008433952331542968
2001.0;0.0019852466583251955;-0.007543670654296875;0.011351343154907228
2002.0;0.011795450210571289;0.004429590225219726;0.019635437965393066
2003.0;0.01558384609222412;0.0078372802734375;0.022936511993408203
2004.0;0.0014029407501220702;-0.006318466186523437;0.009212427139282227
2005.0;0.00766264533996582;-0.0001328125;0.015295498847961426
2006.0;0.019425506591796874;0.011643444061279297;0.027240178346633913
2007.0;0.013596317291259766;0.006587127685546875;0.021129334449768066
2008.0;0.02112071990966797;0.01329595947265625;0.028266988515853884
2009.0;0.023167216777801515;0.015677927017211914;0.030353054687380792
2010.0;0.027625818729400637;0.019159119606018068;0.03622066783905029
2011.0;0.023297286033630373;0.016297914505004882;0.03062951946258545
2012.0;0.042689412117004395;0.0344976749420166;0.05063058662414551
2013.0;0.036862121105194094;0.02829622530937195;0.04543459892272949
2014.0;0.04236088275909424;0.03399487090110779;0.050750011444091796
2015.0;0.048361467361450194;0.03970820617675781;0.057083694458007816
2016.0;0.05443380928039551;0.04600249671936035;0.06316493606567383
2017.0;0.06284999465942383;0.05280423927307129;0.07316535949707031
2018.0;0.06612766647338868;0.05548550987243652;0.07670570755004882
