1900.0;-0.04087109613418579;-0.051606668949127195;-0.030206671237945557
1901.0;-0.04098605585098267;-0.0517566704750061;-0.030406668186187744
1902.0;-0.040668367862701414;-0.051456671237945555;-0.030256670475006103
1903.0;-0.04026021814346314;-0.05100667047500611;-0.029756670475006103
1904.0;-0.039433226108551024;-0.049006670475006106;-0.030206671237945557
1905.0;-0.03922387552261353;-0.047906668186187745;-0.030756670475006104
1906.0;-0.03876295709609985;-0.047256670475006105;-0.03030666971206665
1907.0;-0.03839740991592407;-0.047006670475006104;-0.03005666971206665
1908.0;-0.037687300205230714;-0.046256670475006104;-0.0293566689491272
1909.0;-0.03711415719985962;-0.0445066704750061;-0.029956671237945556
1910.0;-0.03666437005996704;-0.04225667047500611;-0.031106668949127197
1911.0;-0.03659232950210571;-0.0421066689491272;-0.031106668949127197
1912.0;-0.036067022800445554;-0.04155666971206665;-0.03055666971206665
1913.0;-0.03572784280776978;-0.0411066689491272;-0.030206671237945557
1914.0;-0.03556975793838501;-0.040906668186187746;-0.030256670475006103
1915.0;-0.035247263431549075;-0.040506670475006105;-0.03005666971206665
1916.0;-0.035072142124176024;-0.0403566689491272;-0.029906668186187743
1917.0;-0.0343843903541565;-0.03955666971206665;-0.029256670475006102
1918.0;-0.034275240421295164;-0.039406668186187745;-0.029256670475006102
1919.0;-0.03410937738418579;-0.039156668186187744;-0.029156668186187746
1920.0;-0.03392986917495728;-0.03895667123794556;-0.029056669712066652
1921.0;-0.03377081537246704;-0.03880666971206665;-0.0288566689491272
1922.0;-0.033967073917388915;-0.0388566689491272;-0.0291066689491272
1923.0;-0.03364349222183228;-0.03855666971206665;-0.0288566689491272
1924.0;-0.03305658197402954;-0.03780666971206665;-0.0283566689491272
1925.0;-0.032864737033843995;-0.03755666971206665;-0.028156668186187745
1926.0;-0.03184454584121704;-0.036456671237945555;-0.027206671237945557
1927.0;-0.031090830326080322;-0.035706671237945554;-0.026456671237945557
1928.0;-0.029967176914215087;-0.03450667047500611;-0.025456671237945556
1929.0;-0.02893895196914673;-0.0333566689491272;-0.024556669712066652
1930.0;-0.0283255410194397;-0.032756670475006106;-0.023956669330596925
1931.0;-0.026481531620025634;-0.030856668949127197;-0.022156670093536376
1932.0;-0.025504679203033447;-0.029856668949127196;-0.021206669330596926
1933.0;-0.02440782976150513;-0.028656668186187746;-0.020156670093536378
1934.0;-0.023451780796051026;-0.027656668186187745;-0.019256670475006104
1935.0;-0.02233623170852661;-0.026506670475006103;-0.018106668949127196
1936.0;-0.02108388566970825;-0.025206671237945556;-0.016806669712066652
1937.0;-0.02042785120010376;-0.02440667009353638;-0.01630666971206665
1938.0;-0.020017061710357668;-0.02405666971206665;-0.015956669330596925
1939.0;-0.019540247440338134;-0.02355666971206665;-0.01555666971206665
1940.0;-0.01912056589126587;-0.023156670093536377;-0.015156670093536377
1941.0;-0.018499006748199463;-0.022456669330596923;-0.014606668949127197
1942.0;-0.018018982410430907;-0.021956669330596923;-0.014256670475006103
1943.0;-0.01732036828994751;-0.021206669330596926;-0.013606668949127198
1944.0;-0.01681960344314575;-0.0206066689491272;-0.013156670093536377
1945.0;-0.016777714252471924;-0.020556669712066652;-0.013156670093536377
1946.0;-0.016582911014556886;-0.020256670475006105;-0.012956669330596924
1947.0;-0.016061150074005128;-0.01980666971206665;-0.012456669330596925
1948.0;-0.015104294300079346;-0.018706669330596924;-0.011606668949127198
1949.0;-0.0139889817237854;-0.01755666971206665;-0.01055666971206665
1950.0;-0.013172085285186768;-0.016706669330596925;-0.009706669330596924
1951.0;-0.012480858325958253;-0.015956669330596925;-0.009156670093536377
1952.0;-0.012014931201934814;-0.015406670093536377;-0.008706669330596923
1953.0;-0.011554905414581299;-0.014956669330596924;-0.008306669712066651
1954.0;-0.01126347017288208;-0.01455666971206665;-0.008006669521331788
1955.0;-0.011034412860870361;-0.014256670475006103;-0.007856669902801514
1956.0;-0.010656511783599854;-0.013856668949127198;-0.007556669712066651
1957.0;-0.00993374490737915;-0.01305666971206665;-0.006906670093536377
1958.0;-0.009253132343292237;-0.012406670093536376;-0.006206669330596924
1959.0;-0.009065821170806884;-0.012106668949127198;-0.006106669902801514
1960.0;-0.008379942417144775;-0.011406670093536377;-0.005456669330596924
1961.0;-0.007696986675262451;-0.010656670093536377;-0.004906670093536377
1962.0;-0.006835551738739014;-0.009806669712066651;-0.00405666971206665
1963.0;-0.006595499515533447;-0.009406670093536377;-0.0038566699028015137
1964.0;-0.006562388896942139;-0.009356668949127197;-0.0038566699028015137
1965.0;-0.006127885341644287;-0.008906670093536377;-0.003456669330596924
1966.0;-0.005397660732269287;-0.008256669521331788;-0.002756669521331787
1967.0;-0.005029570102691651;-0.007856669902801514;-0.002406670093536377
1968.0;-0.00446996545791626;-0.007206669330596924;-0.001906670093536377
1969.0;-0.00406160306930542;-0.006806669712066651;-0.0015066695213317872
1970.0;-0.003908405780792237;-0.006606669902801514;-0.0014566693305969238
1971.0;-0.0034227252006530763;-0.00605666971206665;-0.0010566697120666503
1972.0;-0.003725029468536377;-0.006356669902801514;-0.0013566699028015137
1973.0;-0.0037739806175231933;-0.006206669330596924;-0.0015066695213317872
1974.0;-0.003532934665679932;-0.005856669902801514;-0.0012566695213317872
1975.0;-0.003476756572723389;-0.005856669902801514;-0.0012566695213317872
1976.0;-0.003653451442718506;-0.006006669521331787;-0.0014566693305969238
1977.0;-0.0036492791175842284;-0.005906670093536377;-0.0016066699028015137
1978.0;-0.0035727591514587405;-0.0057566695213317875;-0.0015066695213317872
1979.0;-0.0034638104438781737;-0.005556669712066651;-0.0014566693305969238
1980.0;-0.003174819469451904;-0.005206669330596924;-0.0012066693305969238
1981.0;-0.0026476025581359864;-0.004656670093536377;-0.0007066698074340821
1982.0;-0.0022604308128356936;-0.004206669330596924;-0.0003066697120666504
1983.0;-0.002493619441986084;-0.004506669521331787;-0.0005566697120666504
1984.0;-0.002628840923309326;-0.004556669712066651;-0.0008066697120666504
1985.0;-0.002416954517364502;-0.004206669330596924;-0.0006066699028015137
1986.0;-0.0022420620918273924;-0.003956669330596924;-0.0005066695213317872
1987.0;-0.002243095874786377;-0.003906670093536377;-0.0005066695213317872
1988.0;-0.0019710345268249513;-0.003606669902801514;-0.0003066697120666504
1989.0;-0.0016078782081604005;-0.003206669330596924;4.333019256591797e-5
1990.0;-0.0013986821174621583;-0.003006669521331787;0.00014333009719848632
1991.0;-0.0012130331993103027;-0.002756669521331787;0.000293330192565918
1992.0;-0.0014547858238220216;-0.0028566699028015137;-0.00015666961669921875
1993.0;-0.001363940715789795;-0.002656670093536377;-0.00010666990280151367
1994.0;-0.001122753620147705;-0.0023566699028015137;9.333038330078125e-5
1995.0;-0.000588348388671875;-0.0018066697120666503;0.0005433301925659179
1996.0;-0.0009622359275817872;-0.002156670093536377;9.333038330078125e-5
1997.0;-0.0009358487129211426;-0.0020566697120666506;9.333038330078125e-5
1998.0;-0.0005642452239990234;-0.0015066695213317872;0.00034333038330078123
1999.0;-0.00028659629821777347;-0.001156670093536377;0.0005433301925659179
2000.0;0.0;-0.0008066697120666504;0.0007933301925659179
2001.0;0.00028799915313720706;-0.0004066696166992188;0.0009933304786682129
2002.0;0.0009312725067138672;0.00034333038330078123;0.001543330192565918
2003.0;0.0016275224685668947;0.0011933302879333497;0.001993330478668213
2004.0;0.0023076157569885255;0.0019433302879333497;0.0025933303833007813
2005.0;0.0029373664855957033;0.0025933303833007813;0.0031933302879333498
2006.0;0.0037008051872253417;0.0034433302879333496;0.0038933303356170654
2007.0;0.0045091967582702635;0.004293330192565918;0.00469333028793335
2008.0;0.005297583103179931;0.005143330335617065;0.005393330335617065
2009.0;0.0059784996509552;0.005893330335617066;0.006043330311775208
2010.0;0.007092372968792915;0.007043330281972886;0.007143330287188292
2011.0;0.008407505631446838;0.008393330335617066;0.00844333028793335
2012.0;0.00959781813621521;0.009543330192565919;0.009693330287933349
2013.0;0.0106371009349823;0.010543330192565918;0.010793330192565918
2014.0;0.0110428786277771;0.010893330335617065;0.011243330478668214
2015.0;0.011623317241668702;0.011393330097198487;0.011893330097198486
2016.0;0.012375087261199952;0.012143330097198486;0.01269333028793335
2017.0;0.01302590036392212;0.01269333028793335;0.013393330097198487
2018.0;0.013162751197814942;0.012793330192565918;0.01359333038330078
