2020.0;0.0692852;0.0592852;0.0892852
2021.0;0.075285204;0.0632852;0.0992852
2022.0;0.0812852;0.0672852;0.109285206
2023.0;0.087285206;0.0712852;0.1192852
2024.0;0.09328521;0.075285204;0.1292852
2025.0;0.0992852;0.079285204;0.1392852
2026.0;0.105285205;0.083285205;0.1492852
2027.0;0.1112852;0.087285206;0.1592852
2028.0;0.1172852;0.0912852;0.16928521
2029.0;0.123285204;0.0952852;0.1792852
2030.0;0.1292852;0.0992852;0.1892852
2031.0;0.1382852;0.1062852;0.2012852
2032.0;0.14728521;0.1132852;0.21328521
2033.0;0.1562852;0.120285206;0.2252852
2034.0;0.1652852;0.12728521;0.23728521
2035.0;0.1742852;0.1342852;0.2492852
2036.0;0.1832852;0.1412852;0.26128522
2037.0;0.1922852;0.1482852;0.2732852
2038.0;0.2012852;0.15528521;0.2852852
2039.0;0.2102852;0.16228521;0.2972852
2040.0;0.2192852;0.16928521;0.30928522
2041.0;0.2332852;0.1782852;0.3232852
2042.0;0.2472852;0.1872852;0.33728522
2043.0;0.26128522;0.1962852;0.35128522
2044.0;0.2752852;0.2052852;0.36528522
2045.0;0.2892852;0.2142852;0.37928522
2046.0;0.3032852;0.2232852;0.3932852
2047.0;0.3172852;0.2322852;0.4072852
2048.0;0.3312852;0.2412852;0.4212852
2049.0;0.34528518;0.2502852;0.43528518
2050.0;0.3592852;0.2592852;0.4492852
2051.0;0.3762852;0.27328518;0.4672852
2052.0;0.3932852;0.2872852;0.48528522
2053.0;0.4102852;0.3012852;0.5032852
2054.0;0.42728522;0.3152852;0.52128524
2055.0;0.4442852;0.3292852;0.53928524
2056.0;0.4612852;0.3432852;0.5572852
2057.0;0.4782852;0.35728523;0.5752852
2058.0;0.4952852;0.37128523;0.5932852
2059.0;0.51228523;0.3852852;0.6112852
2060.0;0.5292852;0.39928523;0.6292852
2061.0;0.54928523;0.4202852;0.6492852
2062.0;0.5692852;0.44128522;0.66928524
2063.0;0.5892852;0.46228522;0.6892852
2064.0;0.60928524;0.48328522;0.7092852
2065.0;0.6292852;0.5042852;0.72928524
2066.0;0.6492852;0.52528524;0.7492852
2067.0;0.66928524;0.5462852;0.7692852
2068.0;0.6892852;0.56728524;0.78928524
2069.0;0.7092852;0.5882852;0.8092852
2070.0;0.72928524;0.60928524;0.8292852
2071.0;0.75228524;0.6352852;0.8502852
2072.0;0.77528524;0.6612852;0.8712852
2073.0;0.79828525;0.68728524;0.8922852
2074.0;0.8212852;0.7132852;0.9132852
2075.0;0.8442852;0.73928523;0.9342852
2076.0;0.8672852;0.7652852;0.9552852
2077.0;0.8902852;0.7912852;0.9762852
2078.0;0.9132852;0.81728524;0.99728525
2079.0;0.9362852;0.8432852;1.0182853
2080.0;0.9592852;0.8692852;1.0392852
2081.0;0.98528516;0.89828515;1.0622852
2082.0;1.0112852;0.9272852;1.0852853
2083.0;1.0372852;0.95628524;1.1082852
2084.0;1.0632852;0.9852852;1.1312853
2085.0;1.0892851;1.0142852;1.1542852
2086.0;1.1152852;1.0432851;1.1772852
2087.0;1.1412852;1.0722852;1.2002852
2088.0;1.1672852;1.1012851;1.2232852
2089.0;1.1932851;1.1302851;1.2462852
2090.0;1.2192851;1.1592852;1.2692852
2091.0;1.2452852;1.1902852;1.2922852
2092.0;1.2712853;1.2212852;1.3152853
2093.0;1.2972852;1.2522851;1.3382852
2094.0;1.3232852;1.2832853;1.3612853
2095.0;1.3492851;1.3142852;1.3842852
2096.0;1.3752851;1.3452852;1.4072852
2097.0;1.4012852;1.3762852;1.4302852
2098.0;1.4272852;1.4072852;1.4532851
2099.0;1.4532851;1.4382851;1.4762851
2100.0;1.4792851;1.4692851;1.4992851
