2020.0;0.06469383;0.054693837;0.07469383
2021.0;0.06769383;0.057693835;0.077693835
2022.0;0.070693836;0.060693838;0.08069383
2023.0;0.073693834;0.06369384;0.08369383
2024.0;0.07669383;0.066693835;0.08669383
2025.0;0.07969383;0.06969383;0.08969383
2026.0;0.08269383;0.07269383;0.092693835
2027.0;0.08569383;0.07569383;0.095693834
2028.0;0.088693835;0.07869383;0.09869383
2029.0;0.09169383;0.081693836;0.10169383
2030.0;0.09469383;0.084693834;0.10469383
2031.0;0.09769383;0.08769383;0.107693836
2032.0;0.10069383;0.09069383;0.110693835
2033.0;0.103693835;0.09369383;0.11369383
2034.0;0.106693834;0.09669383;0.11669383
2035.0;0.10969383;0.099693835;0.11969383
2036.0;0.11269383;0.10269383;0.12269383
2037.0;0.11569383;0.10569383;0.12569383
2038.0;0.118693836;0.10869383;0.12869383
2039.0;0.121693835;0.11169383;0.13169383
2040.0;0.12469383;0.114693835;0.13469383
2041.0;0.12769383;0.117693834;0.13869384
2042.0;0.13069384;0.12069383;0.14269383
2043.0;0.13369383;0.12369383;0.14669383
2044.0;0.13669384;0.12669383;0.15069383
2045.0;0.13969383;0.12969384;0.15469383
2046.0;0.14269383;0.13269383;0.15869384
2047.0;0.14569384;0.13569383;0.16269383
2048.0;0.14869383;0.13869384;0.16669384
2049.0;0.15169384;0.14169383;0.17069383
2050.0;0.15469383;0.14469384;0.17469384
2051.0;0.15769382;0.14769381;0.17669381
2052.0;0.16069384;0.15069383;0.17869383
2053.0;0.16369383;0.15369383;0.18069384
2054.0;0.16669384;0.15669383;0.18269385
2055.0;0.16969383;0.15969384;0.18469383
2056.0;0.17269383;0.16269383;0.18669383
2057.0;0.17569381;0.16569383;0.18869384
2058.0;0.17869383;0.16869383;0.19069383
2059.0;0.18169384;0.17169383;0.19269383
2060.0;0.18469383;0.17469384;0.19469383
2061.0;0.18769382;0.17769381;0.19769381
2062.0;0.19069383;0.18069384;0.20069383
2063.0;0.19369382;0.18369383;0.20369382
2064.0;0.19669385;0.18669385;0.20669384
2065.0;0.19969383;0.18969384;0.20969383
2066.0;0.20269382;0.19269383;0.21269381
2067.0;0.20569383;0.19569384;0.21569383
2068.0;0.20869383;0.19869383;0.21869384
2069.0;0.21169384;0.20169383;0.22169383
2070.0;0.21469383;0.20469384;0.22469383
2071.0;0.21769382;0.20769382;0.22769381
2072.0;0.22069383;0.21069384;0.23069383
2073.0;0.22369382;0.21369381;0.23369382
2074.0;0.22669384;0.21669385;0.23669383
2075.0;0.22969383;0.21969384;0.23969384
2076.0;0.23269382;0.22269382;0.24269381
2077.0;0.23569381;0.22569384;0.24569382
2078.0;0.23869383;0.22869383;0.24869384
2079.0;0.24169384;0.23169383;0.25169384
2080.0;0.24469383;0.23469383;0.25469384
2081.0;0.24769384;0.23769383;0.2566938
2082.0;0.25069383;0.24069384;0.25869384
2083.0;0.25369382;0.24369383;0.26069385
2084.0;0.25669384;0.24669385;0.26269385
2085.0;0.25969386;0.24969384;0.26469386
2086.0;0.26269385;0.25269386;0.26669386
2087.0;0.26569384;0.25569385;0.26869383
2088.0;0.26869383;0.25869384;0.27069384
2089.0;0.27169386;0.26169384;0.27269384
2090.0;0.27469385;0.26469386;0.27469385
2091.0;0.27669385;0.26769385;0.27769384
2092.0;0.27869385;0.27069384;0.28069386
2093.0;0.28069386;0.27369386;0.28369385
2094.0;0.28269383;0.27669385;0.28669384
2095.0;0.28469384;0.27969384;0.28969386
2096.0;0.28669384;0.28269383;0.29269385
2097.0;0.28869385;0.28569385;0.29569384
2098.0;0.29069385;0.28869385;0.29869384
2099.0;0.29269385;0.29169384;0.30169386
2100.0;0.29469386;0.29469386;0.30469385
