2020.0;0.0846062;0.0746062;0.0946062
2021.0;0.09160619;0.078606196;0.1076062
2022.0;0.0986062;0.082606204;0.1206062
2023.0;0.1056062;0.086606205;0.1336062
2024.0;0.1126062;0.0906062;0.1466062
2025.0;0.119606204;0.0946062;0.1596062
2026.0;0.1266062;0.0986062;0.17260621
2027.0;0.1336062;0.1026062;0.1856062
2028.0;0.1406062;0.1066062;0.19860621
2029.0;0.1476062;0.1106062;0.21160619
2030.0;0.15460621;0.1146062;0.2246062
2031.0;0.1666062;0.1216062;0.24160619
2032.0;0.1786062;0.1286062;0.2586062
2033.0;0.1906062;0.1356062;0.27560622
2034.0;0.2026062;0.1426062;0.2926062
2035.0;0.2146062;0.1496062;0.3096062
2036.0;0.2266062;0.1566062;0.3266062
2037.0;0.2386062;0.1636062;0.3436062
2038.0;0.2506062;0.1706062;0.3606062
2039.0;0.2626062;0.1776062;0.3776062
2040.0;0.2746062;0.1846062;0.3946062
2041.0;0.2906062;0.1976062;0.4126062
2042.0;0.3066062;0.2106062;0.4306062
2043.0;0.3226062;0.2236062;0.4486062
2044.0;0.3386062;0.2366062;0.4666062
2045.0;0.3546062;0.2496062;0.4846062
2046.0;0.3706062;0.2626062;0.5026062
2047.0;0.3866062;0.27560622;0.5206062
2048.0;0.4026062;0.2886062;0.5386062
2049.0;0.4186062;0.3016062;0.5566062
2050.0;0.4346062;0.3146062;0.5746062
2051.0;0.4586062;0.3356062;0.5966062
2052.0;0.4826062;0.35660622;0.6186062
2053.0;0.5066062;0.3776062;0.6406062
2054.0;0.5306062;0.3986062;0.6626062
2055.0;0.5546062;0.4196062;0.6846062
2056.0;0.5786062;0.4406062;0.7066062
2057.0;0.6026062;0.4616062;0.7286062
2058.0;0.6266062;0.4826062;0.7506062
2059.0;0.6506062;0.5036062;0.7726062
2060.0;0.6746062;0.5246062;0.7946062
2061.0;0.7026062;0.5526062;0.8216062
2062.0;0.73060626;0.5806062;0.8486063
2063.0;0.7586062;0.6086062;0.8756062
2064.0;0.7866062;0.6366062;0.9026062
2065.0;0.8146062;0.6646062;0.9296062
2066.0;0.8426062;0.6926062;0.9566062
2067.0;0.8706062;0.7206062;0.9836062
2068.0;0.8986062;0.7486062;1.0106062
2069.0;0.9266062;0.7766062;1.0376062
2070.0;0.9546062;0.8046062;1.0646062
2071.0;0.9876062;0.8386062;1.0946062
2072.0;1.0206062;0.8726063;1.1246063
2073.0;1.0536062;0.9066062;1.1546062
2074.0;1.0866061;0.9406062;1.1846062
2075.0;1.1196063;0.9746062;1.2146062
2076.0;1.1526062;1.0086062;1.2446063
2077.0;1.1856062;1.0426062;1.2746062
2078.0;1.2186062;1.0766062;1.3046062
2079.0;1.2516062;1.1106062;1.3346062
2080.0;1.2846062;1.1446062;1.3646061
2081.0;1.3196061;1.183606;1.3966061
2082.0;1.3546062;1.2226062;1.4286062
2083.0;1.3896062;1.2616062;1.4606062
2084.0;1.4246062;1.3006063;1.4926062
2085.0;1.4596062;1.3396062;1.5246062
2086.0;1.4946063;1.3786062;1.5566062
2087.0;1.5296062;1.4176062;1.5886062
2088.0;1.5646062;1.4566061;1.6206062
2089.0;1.5996062;1.4956062;1.6526062
2090.0;1.6346062;1.5346062;1.6846062
2091.0;1.6706061;1.5776061;1.719606
2092.0;1.7066061;1.6206062;1.7546062
2093.0;1.7426062;1.6636062;1.7896062
2094.0;1.7786062;1.7066061;1.8246062
2095.0;1.8146062;1.7496063;1.8596061
2096.0;1.8506062;1.7926062;1.8946062
2097.0;1.8866062;1.8356062;1.9296062
2098.0;1.9226062;1.8786062;1.9646062
2099.0;1.9586062;1.9216062;1.9996063
2100.0;1.9946063;1.9646062;2.0346062
2101.0;2.030606;1.9956061;2.0826063
2102.0;2.0666063;2.026606;2.1306062
2103.0;2.1026063;2.0576062;2.1786063
2104.0;2.1386063;2.088606;2.2266061
2105.0;2.174606;2.1196063;2.2746062
2106.0;2.210606;2.1506062;2.322606
2107.0;2.246606;2.1816063;2.3706062
2108.0;2.2826061;2.2126062;2.4186063
2109.0;2.3186061;2.243606;2.4666061
2110.0;2.3546062;2.2746062;2.5146062
2111.0;2.3896062;2.299606;2.5706062
2112.0;2.424606;2.3246062;2.6266062
2113.0;2.4596062;2.3496063;2.6826062
2114.0;2.4946065;2.3746061;2.7386065
2115.0;2.529606;2.3996062;2.7946062
2116.0;2.5646062;2.424606;2.8506062
2117.0;2.5996063;2.4496062;2.9066062
2118.0;2.6346061;2.4746063;2.9626062
2119.0;2.6696062;2.4996061;3.0186062
2120.0;2.7046063;2.5246062;3.0746062
2121.0;2.7386062;2.5476062;3.1386063
2122.0;2.7726064;2.5706062;3.2026064
2123.0;2.8066063;2.5936062;3.2666063
2124.0;2.8406065;2.6166065;3.3306065
2125.0;2.8746061;2.6396062;3.394606
2126.0;2.9086063;2.6626062;3.4586065
2127.0;2.9426062;2.6856062;3.5226061
2128.0;2.9766061;2.7086062;3.5866063
2129.0;3.0106063;2.7316062;3.6506062
2130.0;3.0446062;2.7546062;3.7146063
2131.0;3.0776062;2.7726061;3.7806063
2132.0;3.1106064;2.7906065;3.8466063
2133.0;3.1436062;2.8086061;3.9126062
2134.0;3.1766064;2.8266065;3.9786065
2135.0;3.2096062;2.8446062;4.0446057
2136.0;3.2426062;2.8626063;4.110606
2137.0;3.2756062;2.8806062;4.176606
2138.0;3.3086061;2.8986063;4.242606
2139.0;3.3416061;2.9166062;4.308606
2140.0;3.3746061;2.9346063;4.374606
2141.0;3.4076061;2.9516063;4.441606
2142.0;3.4406064;2.9686065;4.508606
2143.0;3.4736063;2.9856062;4.575606
2144.0;3.5066063;3.0026064;4.642606
2145.0;3.539606;3.019606;4.709606
2146.0;3.5726066;3.0366063;4.776606
2147.0;3.6056063;3.0536063;4.843606
2148.0;3.6386063;3.0706062;4.910606
2149.0;3.6716063;3.0876062;4.9776053
2150.0;3.7046063;3.1046062;5.0446057
