2020.0;0.074776575;0.074776575;0.09477657
2021.0;0.080776565;0.07877657;0.10077657
2022.0;0.08677657;0.08277658;0.10677657
2023.0;0.092776574;0.08677657;0.11277656
2024.0;0.098776564;0.09077657;0.118776575
2025.0;0.10477657;0.09477657;0.124776565
2026.0;0.11077657;0.09877657;0.13077657
2027.0;0.11677656;0.102776565;0.13677657
2028.0;0.12277657;0.10677657;0.14277656
2029.0;0.12877657;0.11077657;0.14877656
2030.0;0.13477656;0.114776574;0.15477656
2031.0;0.14077656;0.11977656;0.16277656
2032.0;0.14677657;0.12477657;0.17077656
2033.0;0.15277657;0.12977657;0.17877658
2034.0;0.15877658;0.13477658;0.18677658
2035.0;0.16477656;0.13977657;0.19477656
2036.0;0.17077656;0.14477657;0.20277658
2037.0;0.17677656;0.14977656;0.21077657
2038.0;0.18277657;0.15477656;0.21877657
2039.0;0.18877657;0.15977657;0.22677657
2040.0;0.19477656;0.16477656;0.23477657
2041.0;0.20377657;0.17077656;0.24377656
2042.0;0.21277659;0.17677659;0.2527766
2043.0;0.22177657;0.18277659;0.26177657
2044.0;0.23077658;0.18877658;0.27077657
2045.0;0.23977658;0.19477656;0.27977657
2046.0;0.24877658;0.20077658;0.28877658
2047.0;0.2577766;0.20677656;0.29777658
2048.0;0.2667766;0.21277657;0.30677658
2049.0;0.2757766;0.21877657;0.3157766
2050.0;0.28477657;0.22477657;0.3247766
2051.0;0.2947766;0.23277657;0.33577657
2052.0;0.30477658;0.24077658;0.34677657
2053.0;0.31477657;0.24877658;0.35777658
2054.0;0.3247766;0.25677657;0.3687766
2055.0;0.33477658;0.2647766;0.37977657
2056.0;0.34477657;0.27277657;0.3907766
2057.0;0.3547766;0.2807766;0.40177658
2058.0;0.36477658;0.28877658;0.4127766
2059.0;0.37477657;0.2967766;0.42377657
2060.0;0.3847766;0.30477658;0.43477657
2061.0;0.39777657;0.31477657;0.4477766
2062.0;0.4107766;0.3247766;0.46077657
2063.0;0.42377654;0.33477658;0.47377655
2064.0;0.43677658;0.34477657;0.48677662
2065.0;0.44977656;0.3547766;0.49977654
2066.0;0.46277654;0.36477658;0.51277655
2067.0;0.47577655;0.37477657;0.52577657
2068.0;0.4887766;0.3847766;0.5387766
2069.0;0.5017766;0.39477658;0.5517765
2070.0;0.5147765;0.40477657;0.56477654
2071.0;0.5287765;0.41777658;0.57777655
2072.0;0.5427765;0.43077657;0.59077656
2073.0;0.5567765;0.44377655;0.6037766
2074.0;0.5707765;0.4567766;0.6167765
2075.0;0.5847765;0.46977654;0.62977654
2076.0;0.5987766;0.48277655;0.64277655
2077.0;0.6127766;0.49577656;0.65577656
2078.0;0.6267766;0.5087766;0.6687766
2079.0;0.6407766;0.52177656;0.6817765
2080.0;0.6547766;0.53477657;0.69477654
2081.0;0.67077655;0.55577654;0.71077657
2082.0;0.6867766;0.57677656;0.72677654
2083.0;0.70277655;0.59777653;0.7427766
2084.0;0.7187765;0.61877656;0.75877655
2085.0;0.73477656;0.6397765;0.7747766
2086.0;0.7507765;0.66077656;0.7907766
2087.0;0.76677656;0.6817765;0.8067765
2088.0;0.78277653;0.70277655;0.82277656
2089.0;0.79877657;0.7237766;0.8387765
2090.0;0.81477654;0.74477655;0.85477656
2091.0;0.83277655;0.7697765;0.86977655
2092.0;0.85077655;0.79477656;0.88477653
2093.0;0.86877656;0.81977654;0.8997766
2094.0;0.88677657;0.8447766;0.9147766
2095.0;0.9047766;0.86977655;0.92977655
2096.0;0.92277664;0.8947766;0.9447766
2097.0;0.9407765;0.91977656;0.9597765
2098.0;0.95877653;0.94477654;0.97477657
2099.0;0.97677654;0.9697766;0.98977655
2100.0;0.99477655;0.99477655;1.0047766
2101.0;1.0127765;1.0097766;1.0367767
2102.0;1.0307766;1.0247766;1.0687766
2103.0;1.0487766;1.0397766;1.1007766
2104.0;1.0667766;1.0547767;1.1327766
2105.0;1.0847766;1.0697767;1.1647766
2106.0;1.1027766;1.0847766;1.1967766
2107.0;1.1207767;1.0997766;1.2287766
2108.0;1.1387767;1.1147766;1.2607766
2109.0;1.1567767;1.1297766;1.2927766
2110.0;1.1747766;1.1447766;1.3247766
2111.0;1.1927766;1.1587766;1.3637766
2112.0;1.2107766;1.1727766;1.4027766
2113.0;1.2287766;1.1867766;1.4417766
2114.0;1.2467766;1.2007766;1.4807767
2115.0;1.2647766;1.2147766;1.5197766
2116.0;1.2827766;1.2287766;1.5587766
2117.0;1.3007766;1.2427766;1.5977767
2118.0;1.3187766;1.2567766;1.6367766
2119.0;1.3367766;1.2707766;1.6757766
2120.0;1.3547766;1.2847766;1.7147766
2121.0;1.3727766;1.2987766;1.7627766
2122.0;1.3907766;1.3127766;1.8107766
2123.0;1.4087766;1.3267766;1.8587766
2124.0;1.4267766;1.3407766;1.9067767
2125.0;1.4447767;1.3547766;1.9547766
2126.0;1.4627767;1.3687766;2.0027766
2127.0;1.4807767;1.3827766;2.0507767
2128.0;1.4987766;1.3967766;2.0987766
2129.0;1.5167766;1.4107766;2.1467767
2130.0;1.5347766;1.4247766;2.1947765
2131.0;1.5527766;1.4377766;2.2527766
2132.0;1.5707766;1.4507766;2.3107767
2133.0;1.5887766;1.4637766;2.3687766
2134.0;1.6067766;1.4767766;2.4267766
2135.0;1.6247766;1.4897766;2.4847765
2136.0;1.6427766;1.5027766;2.5427766
2137.0;1.6607766;1.5157766;2.6007767
2138.0;1.6787766;1.5287766;2.6587765
2139.0;1.6967766;1.5417767;2.7167766
2140.0;1.7147766;1.5547767;2.7747767
2141.0;1.7317766;1.5677766;2.8417764
2142.0;1.7487766;1.5807766;2.9087765
2143.0;1.7657766;1.5937766;2.9757767
2144.0;1.7827766;1.6067766;3.0427768
2145.0;1.7997766;1.6197766;3.1097765
2146.0;1.8167766;1.6327766;3.1767764
2147.0;1.8337766;1.6457766;3.2437766
2148.0;1.8507766;1.6587766;3.3107767
2149.0;1.8677766;1.6717767;3.3777766
2150.0;1.8847766;1.6847767;3.4447765
