2020.0;0.07469383;0.06469383;0.07469383
2021.0;0.07869383;0.06769383;0.07969383
2022.0;0.08269383;0.070693836;0.084693834
2023.0;0.08669383;0.073693834;0.08969383
2024.0;0.09069383;0.07669383;0.09469383
2025.0;0.09469383;0.07969383;0.099693835
2026.0;0.09869383;0.08269383;0.10469383
2027.0;0.10269383;0.08569383;0.10969383
2028.0;0.106693834;0.088693835;0.114693835
2029.0;0.110693835;0.09169383;0.11969383
2030.0;0.114693835;0.09469383;0.12469383
2031.0;0.118693836;0.09869383;0.12969384
2032.0;0.12269383;0.10269383;0.13469383
2033.0;0.12669383;0.106693834;0.13969383
2034.0;0.13069384;0.110693835;0.14469384
2035.0;0.13469383;0.114693835;0.14969383
2036.0;0.13869384;0.118693836;0.15469383
2037.0;0.14269383;0.12269383;0.15969384
2038.0;0.14669383;0.12669383;0.16469383
2039.0;0.15069383;0.13069384;0.16969383
2040.0;0.15469383;0.13469383;0.17469384
2041.0;0.15969382;0.13969383;0.18069382
2042.0;0.16469383;0.14469384;0.18669383
2043.0;0.16969383;0.14969383;0.19269383
2044.0;0.17469384;0.15469383;0.19869384
2045.0;0.17969383;0.15969384;0.20469384
2046.0;0.18469383;0.16469383;0.21069382
2047.0;0.18969382;0.16969381;0.21669383
2048.0;0.19469383;0.17469384;0.22269383
2049.0;0.19969383;0.17969383;0.22869383
2050.0;0.20469384;0.18469383;0.23469383
2051.0;0.20969382;0.18969382;0.23969384
2052.0;0.21469383;0.19469383;0.24469383
2053.0;0.21969381;0.19969381;0.24969383
2054.0;0.22469385;0.20469385;0.25469384
2055.0;0.22969383;0.20969383;0.25969386
2056.0;0.23469381;0.21469381;0.26469386
2057.0;0.23969384;0.21969384;0.26969385
2058.0;0.24469383;0.22469383;0.27469385
2059.0;0.24969383;0.22969383;0.27969384
2060.0;0.25469384;0.23469383;0.28469384
2061.0;0.26069382;0.24069384;0.28969386
2062.0;0.26669386;0.24669383;0.29469386
2063.0;0.27269384;0.25269383;0.29969385
2064.0;0.27869385;0.25869384;0.30469385
2065.0;0.28469384;0.26469386;0.30969384
2066.0;0.29069385;0.27069384;0.31469384
2067.0;0.29669386;0.27669385;0.31969383
2068.0;0.30269384;0.28269383;0.32469386
2069.0;0.30869386;0.28869385;0.32969385
2070.0;0.31469384;0.29469386;0.33469385
2071.0;0.32069385;0.30069384;0.34069386
2072.0;0.32669383;0.30669385;0.34669387
2073.0;0.33269385;0.31269383;0.35269386
2074.0;0.33869386;0.31869385;0.35869384
2075.0;0.34469384;0.32469386;0.36469385
2076.0;0.35069385;0.33069384;0.37069386
2077.0;0.35669383;0.33669385;0.37669384
2078.0;0.36269385;0.34269384;0.38269386
2079.0;0.36869386;0.34869385;0.38869384
2080.0;0.37469384;0.35469386;0.39469385
2081.0;0.38069385;0.36169386;0.39969385
2082.0;0.38669387;0.3686939;0.40469387
2083.0;0.39269385;0.37569386;0.40969384
2084.0;0.39869386;0.38269386;0.41469386
2085.0;0.40469384;0.38969386;0.41969386
2086.0;0.41069385;0.39669386;0.42469385
2087.0;0.41669384;0.40369385;0.42969385
2088.0;0.42269385;0.41069385;0.43469384
2089.0;0.42869386;0.41769385;0.43969384
2090.0;0.43469384;0.42469385;0.44469383
2091.0;0.44069386;0.43169385;0.45069385
2092.0;0.44669387;0.43869388;0.4566939
2093.0;0.45269385;0.44569385;0.46269384
2094.0;0.45869386;0.45269385;0.46869385
2095.0;0.46469384;0.45969385;0.47469383
2096.0;0.47069386;0.46669385;0.48069385
2097.0;0.47669384;0.47369385;0.48669386
2098.0;0.48269385;0.48069385;0.49269384
2099.0;0.48869383;0.48769385;0.49869385
2100.0;0.49469385;0.49469385;0.50469387
