1900.0;-0.14127447;-0.15897447;-0.12257446
1901.0;-0.13657446;-0.15577446;-0.116874464
1902.0;-0.14827447;-0.16692446;-0.12922448
1903.0;-0.13732447;-0.15662447;-0.11937447
1904.0;-0.13687447;-0.15447447;-0.11712447
1905.0;-0.12877446;-0.14742447;-0.109924465
1906.0;-0.14342447;-0.16162446;-0.12522447
1907.0;-0.13647448;-0.15552446;-0.119574465
1908.0;-0.15182446;-0.16972448;-0.13312447
1909.0;-0.14657447;-0.16572447;-0.12807447
1910.0;-0.14472447;-0.16267447;-0.12692447
1911.0;-0.12967446;-0.14652446;-0.112174466
1912.0;-0.12157446;-0.13922447;-0.104124464
1913.0;-0.11372446;-0.13112447;-0.097074464
1914.0;-0.111724466;-0.12977447;-0.094524466
1915.0;-0.10827447;-0.12562446;-0.091374464
1916.0;-0.13497446;-0.15187447;-0.11752447
1917.0;-0.12512447;-0.14192447;-0.10887446
1918.0;-0.120924465;-0.13767447;-0.10452447
1919.0;-0.11462446;-0.13162446;-0.09777447
1920.0;-0.106324464;-0.12232446;-0.090074465
1921.0;-0.10622446;-0.12292447;-0.09017447
1922.0;-0.108074464;-0.12362447;-0.09172446
1923.0;-0.12242447;-0.13932446;-0.106374465
1924.0;-0.11692447;-0.13237447;-0.10227447
1925.0;-0.12192447;-0.13687447;-0.10717447
1926.0;-0.12287447;-0.13732447;-0.107724465
1927.0;-0.116074465;-0.13022447;-0.10137446
1928.0;-0.11837447;-0.13342448;-0.10307446
1929.0;-0.119074464;-0.13367447;-0.10407446
1930.0;-0.11402447;-0.12862447;-0.09952447
1931.0;-0.11352447;-0.12762447;-0.09957446
1932.0;-0.099374466;-0.11357446;-0.08537447
1933.0;-0.10602447;-0.11977447;-0.09112447
1934.0;-0.11897446;-0.13282447;-0.104574464
1935.0;-0.10612447;-0.11977447;-0.09282447
1936.0;-0.11187447;-0.12587446;-0.09822446
1937.0;-0.10277447;-0.11672446;-0.08947446
1938.0;-0.09307446;-0.106874466;-0.07987446
1939.0;-0.08937447;-0.10217447;-0.07582446
1940.0;-0.099724464;-0.112474464;-0.086974464
1941.0;-0.084874466;-0.097074464;-0.071224466
1942.0;-0.08462447;-0.09687447;-0.07192447
1943.0;-0.07767447;-0.09032446;-0.065874465
1944.0;-0.08642447;-0.09872446;-0.07452447
1945.0;-0.086524464;-0.09897447;-0.075174466
1946.0;-0.07222447;-0.08367447;-0.059974466
1947.0;-0.08017447;-0.09142447;-0.069024466
1948.0;-0.072074465;-0.08377447;-0.060474463
1949.0;-0.059974466;-0.071624465;-0.048424464
1950.0;-0.063724466;-0.075074464;-0.052424464
1951.0;-0.053374466;-0.064574465;-0.041824467
1952.0;-0.053224463;-0.06437447;-0.041724466
1953.0;-0.047774468;-0.058224466;-0.036274467
1954.0;-0.057424463;-0.068124466;-0.046724465
1955.0;-0.053924464;-0.06492447;-0.043824468
1956.0;-0.06742447;-0.07762446;-0.057374466
1957.0;-0.051624466;-0.061174463;-0.04102447
1958.0;-0.053524468;-0.062124465;-0.043874465
1959.0;-0.050524466;-0.059174467;-0.041574467
1960.0;-0.044574466;-0.053274468;-0.035674464
1961.0;-0.045174465;-0.053074468;-0.035974465
1962.0;-0.046824466;-0.055124465;-0.03857447
1963.0;-0.046374466;-0.055024467;-0.037224464
1964.0;-0.050374467;-0.058924466;-0.041674465
1965.0;-0.04407447;-0.052524466;-0.035774466
1966.0;-0.050324466;-0.05882447;-0.042074468
1967.0;-0.050524466;-0.058774468;-0.042224463
1968.0;-0.052524466;-0.060424466;-0.045024466
1969.0;-0.052324466;-0.059924465;-0.044424467
1970.0;-0.052374467;-0.06057447;-0.04452447
1971.0;-0.040424466;-0.04827447;-0.032374468
1972.0;-0.04627447;-0.05402447;-0.038024466
1973.0;-0.050674465;-0.059374467;-0.04277447
1974.0;-0.044424467;-0.052674465;-0.036324468
1975.0;-0.035924464;-0.043524466;-0.027574465
1976.0;-0.045574468;-0.053574465;-0.038024466
1977.0;-0.04102447;-0.048624467;-0.033574466
1978.0;-0.045624465;-0.05332447;-0.038274467
1979.0;-0.035574466;-0.043424465;-0.028274465
1980.0;-0.038124464;-0.045724463;-0.030974466
1981.0;-0.020874467;-0.028274465;-0.013674466
1982.0;-0.029024465;-0.036724463;-0.021874465
1983.0;-0.025774466;-0.033024468;-0.018274466
1984.0;-0.025924465;-0.033424467;-0.018874466
1985.0;-0.031674467;-0.038774468;-0.024624465
1986.0;-0.024474466;-0.031324465;-0.017574465
1987.0;-0.026924465;-0.034374464;-0.019974466
1988.0;-0.029674465;-0.036924466;-0.022324465
1989.0;-0.022524465;-0.029374465;-0.015724465
1990.0;-0.019624466;-0.025974466;-0.012124466
1991.0;-0.026724467;-0.035574466;-0.018224467
1992.0;-0.027374465;-0.034624465;-0.020174466
1993.0;-0.026324464;-0.03352447;-0.019574465
1994.0;-0.023624467;-0.032324467;-0.015224465
1995.0;-0.012474465;-0.022774465;-0.0028244657
1996.0;-0.017374465;-0.023574464;-0.010974465
1997.0;-0.0035744659;-0.011374466;0.0035255344
1998.0;-0.0034244657;-0.009874466;0.0032255345
1999.0;-0.00042446566;-0.009024465;0.008675534
2000.0;0.0019255343;0.0019255343;0.0019255343
2001.0;0.0039255344;-0.0019744656;0.009875534
2002.0;0.013625534;0.007975535;0.019375535
2003.0;0.017475534;0.011425534;0.023525534
2004.0;0.0032755344;-0.0029244656;0.009575534
2005.0;0.009425534;0.0033755342;0.016125534
2006.0;0.021475535;0.015075534;0.027725535
2007.0;0.015675534;0.009275534;0.021875534
2008.0;0.022925535;0.016725535;0.029475534
2009.0;0.024975535;0.018525533;0.031575534
2010.0;0.029425535;0.022275534;0.036775537
2011.0;0.025175536;0.018675536;0.031925537
2012.0;0.044775534;0.037925534;0.051275536
2013.0;0.038575534;0.031425536;0.046225533
2014.0;0.044375535;0.036925532;0.051525537
2015.0;0.050375532;0.042525537;0.057775535
2016.0;0.056275535;0.048825536;0.064325534
2017.0;0.06467554;0.056675535;0.07307553
2018.0;0.06817554;0.059675533;0.07647553
