1920.0;-0.23989083
1921.0;-0.19214706
1922.0;-0.22207154
1923.0;-0.22620073
1924.0;-0.24722429
1925.0;-0.22171049
1926.0;-0.22991902
1927.0;-0.19658852
1928.0;-0.22535402
1929.0;-0.2004525
1930.0;-0.22624686
1931.0;-0.23504996
1932.0;-0.20137547
1933.0;-0.17486554
1934.0;-0.20304383
1935.0;-0.18377809
1936.0;-0.1738991
1937.0;-0.1462423
1938.0;-0.15075985
1939.0;-0.17571422
1940.0;-0.16712217
1941.0;-0.14115766
1942.0;-0.13969706
1943.0;-0.144932
1944.0;-0.14354382
1945.0;-0.12119978
1946.0;-0.10681476
1947.0;-0.106249
1948.0;-0.07430987
1949.0;-0.1069263
1950.0;-0.11341477
1951.0;-0.11930463
1952.0;-0.12136369
1953.0;-0.117502235
1954.0;-0.115966566
1955.0;-0.11096046
1956.0;-0.11715975
1957.0;-0.08549917
1958.0;-0.07576217
1959.0;-0.09330484
1960.0;-0.08591767
1961.0;-0.08185695
1962.0;-0.0912357
1963.0;-0.117815524
1964.0;-0.12404894
1965.0;-0.09684026
1966.0;-0.100744605
1967.0;-0.07762014
1968.0;-0.09321902
1969.0;-0.06654764
1970.0;-0.073351674
1971.0;-0.06481284
1972.0;-0.037175633
1973.0;-0.03505701
1974.0;-0.039115235
1975.0;-0.030488662
1976.0;-0.09126789
1977.0;-0.08554316
1978.0;-0.06217846
1979.0;-0.06608447
1980.0;-0.07393392
1981.0;-0.06952503
1982.0;-0.05455522
1983.0;0.017181968
1984.0;-0.020792114
1985.0;-0.04702542
1986.0;-0.026377514
1987.0;-0.04251641
1988.0;-0.06717771
1989.0;-0.062051944
1990.0;-0.04520114
1991.0;-0.01831051
1992.0;-0.0009585121
1993.0;-0.0058739786
1994.0;-0.028301086
1995.0;0.018236138
1996.0;-0.0062428066
1997.0;0.015927939
1998.0;0.025383843
1999.0;0.0044085304
2000.0;-0.014219964
2001.0;-0.025195668
2002.0;-0.008683579
2003.0;0.013646933
2004.0;0.003943282
2005.0;0.036398675
2006.0;0.010040664
2007.0;0.0039997553
2008.0;0.01646135
2009.0;0.03259893
2010.0;0.0515505
2011.0;0.02838659
2012.0;0.060562752
2013.0;0.037671942
2014.0;0.077745885
2015.0;0.081018165
2016.0;0.10619863
2017.0;0.0989003
2018.0;0.08311593
2019.0;0.12729949
2020.0;0.1113688
