1993.0;-0.03312306
1994.0;-0.041638553
1995.0;-0.019335909
1996.0;-0.032341763
1997.0;-0.03160978
1998.0;-0.0036029234
1999.0;0.012574743
2000.0;0.0041182875
2001.0;-0.01669303
2002.0;-0.0053925808
2003.0;-0.0048067435
2004.0;-0.00798236
2005.0;0.010234858
2006.0;-0.0074658426
2007.0;1.9246127e-5
2008.0;0.024711452
2009.0;0.02975636
2010.0;0.02836974
2011.0;0.025224345
2012.0;0.045992393
2013.0;0.043965243
2014.0;0.04845186
2015.0;0.051646717
2016.0;0.08271979
2017.0;0.07274886
2018.0;0.07016799
2019.0;0.10442628
