2020.0;0.12583315;0.095661685;0.1578804
2021.0;0.13326132;0.101256646;0.16714133
2022.0;0.14068949;0.106851615;0.17640224
2023.0;0.14811766;0.11244657;0.18566316
2024.0;0.15554583;0.118041545;0.19492407
2025.0;0.162974;0.12363651;0.204185
2026.0;0.17040215;0.12923148;0.21344592
2027.0;0.17783032;0.13482644;0.22270684
2028.0;0.1852585;0.1404214;0.23196776
2029.0;0.19268666;0.14601637;0.24122867
2030.0;0.20011483;0.15161133;0.2504896
2031.0;0.20799842;0.15798038;0.25991654
2032.0;0.21588203;0.16434944;0.26934347
2033.0;0.22376563;0.1707185;0.27877042
2034.0;0.23164923;0.17708756;0.2881974
2035.0;0.23953283;0.1834566;0.29762432
2036.0;0.2474164;0.18982567;0.30705127
2037.0;0.25530002;0.19619472;0.31647822
2038.0;0.2631836;0.20256376;0.32590514
2039.0;0.2710672;0.20893282;0.3353321
2040.0;0.2789508;0.21530189;0.34475905
2041.0;0.28679267;0.22176112;0.35416016
2042.0;0.29463452;0.22822037;0.36356133
2043.0;0.30247638;0.23467962;0.3729625
2044.0;0.31031823;0.24113889;0.38236365
2045.0;0.3181601;0.24759811;0.39176482
2046.0;0.32600194;0.25405738;0.40116596
2047.0;0.3338438;0.2605166;0.4105671
2048.0;0.34168568;0.26697585;0.4199683
2049.0;0.34952754;0.2734351;0.42936945
2050.0;0.3573694;0.27989435;0.4387706
2051.0;0.36527923;0.28689042;0.44780415
2052.0;0.3731891;0.29388648;0.45683774
2053.0;0.38109893;0.30088255;0.46587127
2054.0;0.3890088;0.3078786;0.47490484
2055.0;0.3969186;0.31487468;0.48393843
2056.0;0.40482843;0.3218707;0.492972
2057.0;0.4127383;0.32886678;0.5020056
2058.0;0.42064816;0.33586285;0.51103914
2059.0;0.428558;0.3428589;0.5200727
2060.0;0.43646783;0.34985498;0.52910626
2061.0;0.44448373;0.35689542;0.5384505
2062.0;0.45249966;0.36393592;0.54779476
2063.0;0.46051553;0.37097636;0.557139
2064.0;0.46853146;0.37801677;0.5664832
2065.0;0.47654736;0.38505724;0.5758274
2066.0;0.48456326;0.3920977;0.58517164
2067.0;0.49257916;0.39913818;0.59451586
2068.0;0.5005951;0.4061786;0.6038601
2069.0;0.50861096;0.41321906;0.61320436
2070.0;0.5166269;0.42025954;0.6225486
2071.0;0.5247673;0.42731184;0.6320421
2072.0;0.53290766;0.4343642;0.6415357
2073.0;0.5410481;0.44141656;0.6510293
2074.0;0.5491885;0.44846886;0.6605228
2075.0;0.5573289;0.4555212;0.67001635
2076.0;0.56546926;0.46257356;0.67950994
2077.0;0.5736096;0.4696259;0.6890035
2078.0;0.58175;0.47667822;0.69849706
2079.0;0.5898904;0.48373055;0.70799065
2080.0;0.5980308;0.4907829;0.7174842
2081.0;0.60604465;0.49771073;0.72691965
2082.0;0.6140586;0.5046386;0.73635525
2083.0;0.6220725;0.51156646;0.74579066
2084.0;0.6300864;0.5184943;0.7552262
2085.0;0.6381003;0.52542216;0.7646616
2086.0;0.6461142;0.53235006;0.77409714
2087.0;0.65412813;0.5392779;0.7835326
2088.0;0.662142;0.54620576;0.79296815
2089.0;0.6701559;0.5531336;0.80240357
2090.0;0.6781698;0.56006145;0.8118391
2091.0;0.6862455;0.5662251;0.8223326
2092.0;0.69432116;0.57238877;0.8328263
2093.0;0.70239687;0.5785525;0.84331983
2094.0;0.7104725;0.58471614;0.8538134
2095.0;0.71854824;0.59087974;0.8643069
2096.0;0.72662395;0.59704345;0.87480056
2097.0;0.7346996;0.6032072;0.8852941
2098.0;0.7427753;0.60937077;0.89578766
2099.0;0.75085104;0.6155345;0.90628123
2100.0;0.7589267;0.62169814;0.9167748
2101.0;0.76770914;0.62876916;0.92741746
2102.0;0.7764916;0.6358402;0.9380602
2103.0;0.78527397;0.6429112;0.9487029
2104.0;0.7940565;0.6499822;0.95934564
2105.0;0.80283886;0.65705323;0.96998835
2106.0;0.81162125;0.66412425;0.98063105
2107.0;0.82040375;0.6711953;0.9912738
2108.0;0.82918614;0.6782663;1.0019165
2109.0;0.83796865;0.68533736;1.0125592
2110.0;0.84675103;0.6924084;1.023202
2111.0;0.8556594;0.69940495;1.0341613
2112.0;0.8645679;0.7064015;1.0451207
2113.0;0.87347627;0.71339816;1.0560801
2114.0;0.8823847;0.72039473;1.0670396
2115.0;0.8912931;0.7273913;1.077999
2116.0;0.90020156;0.7343879;1.0889584
2117.0;0.90910995;0.74138445;1.0999178
2118.0;0.9180184;0.748381;1.1108772
2119.0;0.9269267;0.75537765;1.1218367
2120.0;0.9358351;0.7623742;1.132796
2121.0;0.94483995;0.769269;1.1440818
2122.0;0.95384496;0.7761638;1.1553674
2123.0;0.9628498;0.7830586;1.166653
2124.0;0.9718547;0.78995335;1.1779388
2125.0;0.9808595;0.7968481;1.1892246
2126.0;0.98986447;0.803743;1.2005103
2127.0;0.99886924;0.8106378;1.2117959
2128.0;1.0078741;0.8175326;1.2230817
2129.0;1.0168791;0.8244273;1.2343675
2130.0;1.0258839;0.83132213;1.245653
2131.0;1.0349292;0.8381245;1.2573085
2132.0;1.0439746;0.8449271;1.2689638
2133.0;1.0530199;0.85172945;1.2806194
2134.0;1.0620654;0.8585319;1.2922747
2135.0;1.0711106;0.86533433;1.3039302
2136.0;1.0801558;0.8721367;1.3155856
2137.0;1.0892012;0.8789392;1.327241
2138.0;1.0982466;0.88574165;1.3388964
2139.0;1.1072918;0.8925441;1.3505517
2140.0;1.1163372;0.8993465;1.3622072
2141.0;1.1254604;0.90607846;1.3745987
2142.0;1.1345835;0.9128105;1.3869902
2143.0;1.1437066;0.9195424;1.3993819
2144.0;1.1528299;0.9262744;1.4117734
2145.0;1.1619529;0.93300635;1.4241649
2146.0;1.1710762;0.9397383;1.4365563
2147.0;1.1801993;0.9464702;1.448948
2148.0;1.1893224;0.95320225;1.4613396
2149.0;1.1984456;0.9599342;1.473731
2150.0;1.2075688;0.96666616;1.4861227
