2020.0;0.12937433;0.10057491;0.15804425
2021.0;0.1371839;0.10661548;0.16796172
2022.0;0.14499348;0.11265605;0.1778792
2023.0;0.15280303;0.11869661;0.18779668
2024.0;0.16061264;0.12473718;0.19771414
2025.0;0.16842219;0.13077776;0.20763162
2026.0;0.17623177;0.13681832;0.2175491
2027.0;0.18404134;0.1428589;0.22746658
2028.0;0.19185092;0.14889945;0.23738404
2029.0;0.1996605;0.15494002;0.24730152
2030.0;0.20747006;0.1609806;0.257219
2031.0;0.21639179;0.16803937;0.2685543
2032.0;0.22531353;0.17509818;0.2798896
2033.0;0.23423523;0.18215697;0.29122496
2034.0;0.24315695;0.18921576;0.30256027
2035.0;0.25207868;0.19627455;0.31389558
2036.0;0.2610004;0.20333335;0.3252309
2037.0;0.2699221;0.21039213;0.33656618
2038.0;0.27884385;0.21745093;0.34790152
2039.0;0.28776556;0.22450972;0.3592368
2040.0;0.29668728;0.23156852;0.37057215
2041.0;0.30667022;0.23975718;0.38288784
2042.0;0.3166532;0.24794589;0.3952036
2043.0;0.32663614;0.25613457;0.40751922
2044.0;0.3366191;0.26432326;0.41983497
2045.0;0.34660205;0.27251196;0.43215066
2046.0;0.35658503;0.28070065;0.44446638
2047.0;0.366568;0.28888935;0.45678204
2048.0;0.37655094;0.29707804;0.4690978
2049.0;0.3865339;0.30526674;0.48141348
2050.0;0.39651686;0.3134554;0.49372917
2051.0;0.4077656;0.32295734;0.5072225
2052.0;0.41901436;0.3324593;0.52071583
2053.0;0.4302632;0.34196123;0.5342091
2054.0;0.44151193;0.35146317;0.5477024
2055.0;0.45276067;0.36096507;0.5611957
2056.0;0.46400946;0.37046704;0.574689
2057.0;0.47525823;0.37996897;0.5881823
2058.0;0.48650703;0.38947088;0.6016755
2059.0;0.4977558;0.39897284;0.6151688
2060.0;0.50900453;0.40847477;0.6286621
2061.0;0.5222361;0.4194056;0.6442546
2062.0;0.5354676;0.43033645;0.65984714
2063.0;0.5486992;0.4412673;0.6754397
2064.0;0.5619308;0.45219815;0.69103223
2065.0;0.57516235;0.46312895;0.70662475
2066.0;0.5883939;0.47405982;0.7222173
2067.0;0.60162544;0.48499066;0.7378099
2068.0;0.614857;0.49592152;0.7534024
2069.0;0.62808853;0.5068523;0.7689949
2070.0;0.6413201;0.5177832;0.78458744
2071.0;0.6570565;0.5310729;0.8022379
2072.0;0.6727929;0.5443626;0.8198883
2073.0;0.6885293;0.55765235;0.83753884
2074.0;0.7042658;0.57094204;0.8551892
2075.0;0.72000206;0.58423173;0.87283957
2076.0;0.7357385;0.5975215;0.89049006
2077.0;0.7514749;0.6108112;0.9081405
2078.0;0.7672113;0.62410086;0.9257909
2079.0;0.7829477;0.63739055;0.9434413
2080.0;0.79868406;0.6506803;0.96109176
2081.0;0.8181418;0.667482;0.98107815
2082.0;0.8375997;0.6842837;1.0010645
2083.0;0.85705745;0.7010854;1.0210509
2084.0;0.87651527;0.7178871;1.0410373
2085.0;0.895973;0.73468876;1.0610238
2086.0;0.9154308;0.7514905;1.0810101
2087.0;0.93488854;0.7682922;1.1009966
2088.0;0.95434636;0.78509384;1.120983
2089.0;0.97380406;0.80189556;1.1409695
2090.0;0.9932619;0.8186973;1.1609558
2091.0;1.0152981;0.8353508;1.185488
2092.0;1.0373344;0.8520044;1.2100203
2093.0;1.0593706;0.86865795;1.2345526
2094.0;1.081407;0.88531154;1.2590848
2095.0;1.1034431;0.9019651;1.283617
2096.0;1.1254795;0.9186187;1.3081493
2097.0;1.1475157;0.9352722;1.3326817
2098.0;1.1695518;0.95192575;1.3572139
2099.0;1.1915882;0.96857935;1.381746
2100.0;1.2136244;0.9852329;1.4062784
2101.0;1.2378336;1.0012577;1.4378445
2102.0;1.2620428;1.0172825;1.4694108
2103.0;1.2862519;1.0333072;1.5009769
2104.0;1.3104612;1.049332;1.5325431
2105.0;1.3346702;1.0653569;1.5641092
2106.0;1.3588794;1.0813816;1.5956756
2107.0;1.3830886;1.0974064;1.6272417
2108.0;1.4072977;1.1134311;1.6588078
2109.0;1.4315069;1.1294559;1.690374
2110.0;1.455716;1.1454808;1.7219402
2111.0;1.4783753;1.1601892;1.7633039
2112.0;1.5010349;1.1748977;1.8046676
2113.0;1.5236942;1.1896062;1.8460314
2114.0;1.5463538;1.2043147;1.8873951
2115.0;1.5690131;1.2190232;1.9287587
2116.0;1.5916724;1.2337317;1.9701226
2117.0;1.614332;1.2484401;2.0114863
2118.0;1.6369913;1.2631487;2.0528498
2119.0;1.6596507;1.2778571;2.0942137
2120.0;1.6823101;1.2925656;2.1355774
2121.0;1.7025946;1.3064393;2.189727
2122.0;1.7228794;1.3203132;2.243877
2123.0;1.7431641;1.3341869;2.2980266
2124.0;1.7634487;1.3480608;2.3521762
2125.0;1.7837334;1.3619344;2.4063258
2126.0;1.804018;1.3758082;2.4604757
2127.0;1.8243028;1.389682;2.5146255
2128.0;1.8445874;1.4035558;2.5687752
2129.0;1.8648721;1.4174296;2.6229248
2130.0;1.8851568;1.4313034;2.6770744
2131.0;1.904014;1.4442122;2.7433066
2132.0;1.9228716;1.4571213;2.809539
2133.0;1.941729;1.4700302;2.8757713
2134.0;1.9605864;1.482939;2.9420035
2135.0;1.9794438;1.495848;3.0082357
2136.0;1.9983013;1.5087569;3.0744677
2137.0;2.0171587;1.5216657;3.1406999
2138.0;2.0360162;1.5345746;3.206932
2139.0;2.0548735;1.5474836;3.2731645
2140.0;2.073731;1.5603925;3.3393967
2141.0;2.092446;1.5726889;3.418203
2142.0;2.1111612;1.5849856;3.4970093
2143.0;2.1298764;1.5972819;3.5758157
2144.0;2.1485918;1.6095787;3.654622
2145.0;2.1673067;1.6218753;3.7334282
2146.0;2.186022;1.6341716;3.8122349
2147.0;2.204737;1.6464683;3.891041
2148.0;2.223452;1.6587648;3.9698474
2149.0;2.2421675;1.6710614;4.0486536
2150.0;2.2608826;1.683358;4.12746
