2020.0;0.10479372;0.08149274;0.131047
2021.0;0.114057586;0.087789446;0.1437682
2022.0;0.123321466;0.09408615;0.15648943
2023.0;0.13258533;0.10038286;0.16921063
2024.0;0.14184922;0.106679566;0.18193185
2025.0;0.15111306;0.112976275;0.19465305
2026.0;0.16037695;0.11927298;0.20737424
2027.0;0.16964081;0.12556969;0.22009546
2028.0;0.1789047;0.1318664;0.23281668
2029.0;0.18816856;0.1381631;0.24553789
2030.0;0.19743243;0.14445981;0.2582591
2031.0;0.21003816;0.15345874;0.2756798
2032.0;0.22264393;0.16245769;0.2931006
2033.0;0.23524967;0.17145663;0.3105213
2034.0;0.24785541;0.18045557;0.327942
2035.0;0.26046115;0.1894545;0.34536275
2036.0;0.2730669;0.19845344;0.36278352
2037.0;0.28567263;0.20745239;0.38020423
2038.0;0.2982784;0.21645132;0.39762497
2039.0;0.31088412;0.22545026;0.4150457
2040.0;0.32348987;0.23444921;0.43246642
2041.0;0.340693;0.24838826;0.4544579
2042.0;0.35789615;0.26232737;0.4764494
2043.0;0.37509927;0.27626643;0.49844086
2044.0;0.39230242;0.2902055;0.52043235
2045.0;0.40950555;0.30414456;0.54242384
2046.0;0.42670867;0.3180836;0.5644153
2047.0;0.44391182;0.3320227;0.58640677
2048.0;0.46111497;0.34596175;0.60839826
2049.0;0.47831813;0.35990083;0.63038963
2050.0;0.49552125;0.3738399;0.6523812
2051.0;0.51903075;0.393071;0.67882293
2052.0;0.5425403;0.41230208;0.7052648
2053.0;0.5660498;0.43153313;0.73170656
2054.0;0.5895593;0.4507642;0.75814843
2055.0;0.6130688;0.4699953;0.7845902
2056.0;0.6365783;0.48922637;0.811032
2057.0;0.6600878;0.5084575;0.83747375
2058.0;0.6835973;0.52768856;0.8639156
2059.0;0.7071069;0.54691964;0.89035743
2060.0;0.7306164;0.5661507;0.9167992
2061.0;0.76139677;0.5893826;0.9482656
2062.0;0.79217726;0.6126145;0.9797321
2063.0;0.82295763;0.6358464;1.0111985
2064.0;0.85373807;0.65907824;1.042665
2065.0;0.88451856;0.68231016;1.0741314
2066.0;0.91529894;0.705542;1.1055979
2067.0;0.94607943;0.72877395;1.1370643
2068.0;0.9768598;0.7520059;1.1685307
2069.0;1.0076402;0.7752377;1.1999972
2070.0;1.0384207;0.7984696;1.2314637
2071.0;1.0738317;0.828375;1.2680242
2072.0;1.1092427;0.8582804;1.3045847
2073.0;1.1446537;0.8881858;1.3411453
2074.0;1.1800647;0.9180912;1.3777058
2075.0;1.2154757;0.94799656;1.4142662
2076.0;1.2508867;0.977902;1.4508268
2077.0;1.2862977;1.0078074;1.4873872
2078.0;1.3217088;1.0377128;1.5239478
2079.0;1.3571198;1.0676181;1.5605083
2080.0;1.3925308;1.0975236;1.5970689
2081.0;1.430963;1.1358311;1.6368324
2082.0;1.4693953;1.1741388;1.676596
2083.0;1.5078276;1.2124465;1.7163594
2084.0;1.5462598;1.2507541;1.7561231
2085.0;1.584692;1.2890617;1.7958866
2086.0;1.6231242;1.3273692;1.8356502
2087.0;1.6615565;1.3656769;1.8754135
2088.0;1.6999887;1.4039847;1.9151772
2089.0;1.7384208;1.442292;1.9549408
2090.0;1.7768533;1.4805998;1.9947044
2091.0;1.8163018;1.519306;2.03711
2092.0;1.8557507;1.5580122;2.079516
2093.0;1.8951994;1.5967185;2.1219213
2094.0;1.9346483;1.6354247;2.1643271
2095.0;1.9740969;1.6741309;2.206733
2096.0;2.0135458;1.7128371;2.2491386
2097.0;2.0529945;1.7515433;2.2915444
2098.0;2.0924432;1.7902495;2.33395
2099.0;2.1318917;1.8289558;2.3763556
2100.0;2.1713405;1.867662;2.4187615
