2020.0;0.11694499;0.089734;0.14562473
2021.0;0.12357348;0.09442971;0.15428464
2022.0;0.13020198;0.09912543;0.16294454
2023.0;0.13683048;0.103821136;0.17160442
2024.0;0.14345896;0.108516864;0.18026434
2025.0;0.15008746;0.11321257;0.18892424
2026.0;0.15671594;0.11790828;0.19758414
2027.0;0.16334444;0.122604;0.20624405
2028.0;0.16997293;0.12729971;0.21490395
2029.0;0.17660142;0.13199542;0.22356385
2030.0;0.18322992;0.13669114;0.23222375
2031.0;0.18995558;0.14207521;0.24042538
2032.0;0.19668128;0.14745928;0.24862704
2033.0;0.20340693;0.15284339;0.25682864
2034.0;0.21013261;0.15822746;0.2650303
2035.0;0.21685828;0.16361155;0.27323192
2036.0;0.22358395;0.16899562;0.28143352
2037.0;0.23030962;0.1743797;0.28963518
2038.0;0.23703529;0.1797638;0.2978368
2039.0;0.24376096;0.18514787;0.30603844
2040.0;0.25048664;0.19053195;0.31424007
2041.0;0.25685266;0.19559336;0.3220845
2042.0;0.26321873;0.20065476;0.3299289
2043.0;0.26958475;0.20571615;0.3377733
2044.0;0.27595082;0.21077755;0.3456177
2045.0;0.28231683;0.21583894;0.3534621
2046.0;0.28868285;0.22090033;0.36130652
2047.0;0.29504892;0.22596174;0.36915094
2048.0;0.30141494;0.23102313;0.37699533
2049.0;0.307781;0.23608454;0.3848397
2050.0;0.31414703;0.24114594;0.39268413
2051.0;0.32006085;0.24599233;0.39997867
2052.0;0.32597467;0.25083876;0.40727323
2053.0;0.3318885;0.25568518;0.41456777
2054.0;0.33780232;0.26053157;0.4218623
2055.0;0.3437161;0.265378;0.42915687
2056.0;0.34962994;0.2702244;0.4364514
2057.0;0.35554376;0.2750708;0.44374594
2058.0;0.3614576;0.2799172;0.4510405
2059.0;0.3673714;0.28476363;0.45833504
2060.0;0.3732852;0.28961006;0.46562958
2061.0;0.37858954;0.2940077;0.47195676
2062.0;0.38389385;0.29840535;0.47828394
2063.0;0.38919818;0.302803;0.48461115
2064.0;0.3945025;0.30720064;0.49093834
2065.0;0.39980683;0.3115983;0.49726552
2066.0;0.40511113;0.31599593;0.5035927
2067.0;0.41041547;0.3203936;0.5099199
2068.0;0.41571978;0.32479122;0.5162471
2069.0;0.4210241;0.32918888;0.52257425
2070.0;0.42632842;0.33358654;0.52890146
2071.0;0.43089548;0.33715412;0.5346788
2072.0;0.43546253;0.34072167;0.54045624
2073.0;0.44002953;0.34428927;0.54623365
2074.0;0.44459662;0.34785688;0.5520111
2075.0;0.44916365;0.35142443;0.55778843
2076.0;0.45373064;0.354992;0.5635658
2077.0;0.4582977;0.35855958;0.56934327
2078.0;0.4628648;0.36212716;0.5751206
2079.0;0.46743178;0.36569473;0.580898
2080.0;0.47199884;0.3692623;0.5866754
2081.0;0.47644305;0.37257093;0.5925362
2082.0;0.48088732;0.37587962;0.59839696
2083.0;0.48533154;0.37918824;0.6042577
2084.0;0.48977575;0.3824969;0.6101185
2085.0;0.49422;0.38580552;0.61597925
2086.0;0.49866426;0.38911414;0.62184
2087.0;0.50310844;0.3924228;0.6277008
2088.0;0.5075527;0.39573145;0.6335616
2089.0;0.5119969;0.39904007;0.6394223
2090.0;0.51644117;0.40234873;0.6452831
2091.0;0.521663;0.4058188;0.65271205
2092.0;0.526885;0.40928894;0.660141
2093.0;0.5321069;0.412759;0.66756994
2094.0;0.5373288;0.41622913;0.6749989
2095.0;0.5425507;0.4196992;0.6824278
2096.0;0.5477726;0.42316929;0.68985677
2097.0;0.5529945;0.42663938;0.69728565
2098.0;0.55821645;0.4301095;0.7047146
2099.0;0.5634383;0.43357956;0.71214354
2100.0;0.5686602;0.43704966;0.7195725
2101.0;0.5737491;0.44072592;0.7264191
2102.0;0.5788381;0.44440225;0.7332657
2103.0;0.58392704;0.4480785;0.7401123
2104.0;0.5890161;0.4517548;0.74695885
2105.0;0.594105;0.4554311;0.7538054
2106.0;0.599194;0.4591074;0.76065207
2107.0;0.6042829;0.4627837;0.7674987
2108.0;0.60937184;0.46645996;0.7743452
2109.0;0.61446077;0.47013628;0.7811918
2110.0;0.61954975;0.47381255;0.7880384
2111.0;0.6245218;0.4773844;0.7948937
2112.0;0.62949395;0.48095626;0.80174905
2113.0;0.63446605;0.48452812;0.80860436
2114.0;0.6394382;0.48809996;0.81545967
2115.0;0.64441025;0.4916718;0.8223149
2116.0;0.6493825;0.49524364;0.8291702
2117.0;0.6543545;0.4988155;0.83602554
2118.0;0.6593267;0.50238734;0.84288085
2119.0;0.6642988;0.5059592;0.84973615
2120.0;0.6692709;0.5095311;0.85659146
2121.0;0.6741117;0.5128954;0.8633305
2122.0;0.67895263;0.5162597;0.87006956
2123.0;0.6837935;0.519624;0.8768086
2124.0;0.6886344;0.52298826;0.8835476
2125.0;0.69347525;0.5263526;0.8902866
2126.0;0.6983161;0.5297169;0.89702564
2127.0;0.703157;0.53308123;0.90376467
2128.0;0.70799786;0.5364455;0.91050375
2129.0;0.71283877;0.5398098;0.91724277
2130.0;0.71767956;0.54317415;0.9239817
2131.0;0.722459;0.54646856;0.9306969
2132.0;0.72723854;0.54976296;0.9374121
2133.0;0.732018;0.5530574;0.9441273
2134.0;0.7367975;0.5563518;0.9508425
2135.0;0.7415769;0.5596462;0.9575576
2136.0;0.74635637;0.5629406;0.96427286
2137.0;0.7511359;0.566235;0.97098804
2138.0;0.7559153;0.5695294;0.9777032
2139.0;0.7606948;0.5728239;0.98441833
2140.0;0.76547426;0.57611823;0.9911336
2141.0;0.7702212;0.5793486;0.9978177
2142.0;0.77496815;0.582579;1.0045019
2143.0;0.779715;0.58580947;1.011186
2144.0;0.78446203;0.5890399;1.0178703
2145.0;0.7892089;0.59227026;1.0245545
2146.0;0.7939558;0.5955007;1.0312387
2147.0;0.7987028;0.59873116;1.0379229
2148.0;0.8034497;0.60196155;1.044607
2149.0;0.8081966;0.60519195;1.0512911
2150.0;0.8129435;0.60842234;1.0579753
