2020.0;0.13015781;0.09887945;0.15950988
2021.0;0.13902254;0.10503952;0.17164697
2022.0;0.14788729;0.1111996;0.18378404
2023.0;0.15675204;0.11735967;0.19592112
2024.0;0.16561678;0.12351975;0.2080582
2025.0;0.17448151;0.12967981;0.22019528
2026.0;0.18334626;0.13583988;0.23233236
2027.0;0.19221099;0.14199996;0.24446943
2028.0;0.20107573;0.14816004;0.25660652
2029.0;0.20994046;0.1543201;0.2687436
2030.0;0.21880521;0.16048016;0.2808807
2031.0;0.22952399;0.16856523;0.29599482
2032.0;0.24024276;0.1766503;0.31110898
2033.0;0.25096154;0.18473536;0.32622313
2034.0;0.26168033;0.19282043;0.3413373
2035.0;0.2723991;0.20090549;0.35645142
2036.0;0.2831179;0.20899056;0.37156558
2037.0;0.29383668;0.21707562;0.38667974
2038.0;0.30455545;0.22516067;0.4017939
2039.0;0.31527424;0.23324575;0.41690803
2040.0;0.325993;0.24133082;0.43202218
2041.0;0.33963186;0.25239414;0.45000893
2042.0;0.35327074;0.26345745;0.4679958
2043.0;0.3669096;0.27452078;0.48598254
2044.0;0.38054845;0.2855841;0.5039693
2045.0;0.39418733;0.29664743;0.5219561
2046.0;0.40782624;0.30771077;0.53994286
2047.0;0.42146507;0.31877407;0.5579297
2048.0;0.43510395;0.3298374;0.57591647
2049.0;0.44874278;0.34090072;0.5939032
2050.0;0.46238166;0.35196406;0.61189
2051.0;0.479677;0.36544096;0.63231564
2052.0;0.4969724;0.37891793;0.65274125
2053.0;0.5142678;0.39239484;0.6731669
2054.0;0.5315632;0.40587178;0.69359255
2055.0;0.5488585;0.4193487;0.7140181
2056.0;0.56615394;0.43282565;0.7344438
2057.0;0.58344936;0.44630256;0.7548694
2058.0;0.60074466;0.45977947;0.77529496
2059.0;0.61804;0.47325644;0.79572064
2060.0;0.63533545;0.48673338;0.81614625
2061.0;0.6572226;0.50270736;0.84069854
2062.0;0.6791099;0.51868135;0.8652508
2063.0;0.70099705;0.53465533;0.8898031
2064.0;0.7228843;0.5506293;0.91435546
2065.0;0.7447715;0.56660324;0.93890774
2066.0;0.76665866;0.5825773;0.96345997
2067.0;0.7885459;0.5985513;0.98801225
2068.0;0.8104331;0.61452526;1.0125647
2069.0;0.83232033;0.6304992;1.0371169
2070.0;0.8542075;0.6464732;1.0616692
2071.0;0.87903637;0.66578656;1.0892093
2072.0;0.9038653;0.6851;1.1167495
2073.0;0.92869407;0.7044134;1.1442895
2074.0;0.9535231;0.7237268;1.1718298
2075.0;0.9783519;0.74304014;1.1993699
2076.0;1.0031807;0.7623536;1.22691
2077.0;1.0280095;0.781667;1.2544502
2078.0;1.0528384;0.8009803;1.2819904
2079.0;1.0776674;0.8202938;1.3095305
2080.0;1.1024963;0.8396072;1.3370706
2081.0;1.1303693;0.86154693;1.3652948
2082.0;1.1582425;0.8834867;1.393519
2083.0;1.1861155;0.9054265;1.4217433
2084.0;1.2139885;0.92736626;1.4499675
2085.0;1.2418616;0.949306;1.4781917
2086.0;1.2697347;0.9712458;1.506416
2087.0;1.2976078;0.9931855;1.5346403
2088.0;1.3254809;1.0151254;1.5628645
2089.0;1.353354;1.037065;1.5910887
2090.0;1.381227;1.0590049;1.619313
2091.0;1.4103625;1.0809474;1.6488862
2092.0;1.4394977;1.10289;1.6784599
2093.0;1.468633;1.1248326;1.7080332
2094.0;1.4977683;1.1467752;1.7376066
2095.0;1.5269035;1.1687177;1.76718
2096.0;1.5560389;1.1906604;1.7967534
2097.0;1.5851742;1.2126029;1.8263267
2098.0;1.6143094;1.2345456;1.8559002
2099.0;1.6434448;1.2564881;1.8854736
2100.0;1.6725801;1.2784307;1.915047
2101.0;1.7009038;1.2994047;1.9512088
2102.0;1.7292275;1.3203791;1.9873708
2103.0;1.7575513;1.3413533;2.0235326
2104.0;1.7858751;1.3623277;2.0596945
2105.0;1.8141987;1.3833017;2.0958564
2106.0;1.8425226;1.404276;2.1320183
2107.0;1.8708463;1.4252503;2.1681802
2108.0;1.89917;1.4462246;2.2043424
2109.0;1.9274938;1.4671987;2.2405038
2110.0;1.9558175;1.488173;2.276666
2111.0;1.9799176;1.5071704;2.3176763
2112.0;2.0040176;1.5261682;2.3586867
2113.0;2.028118;1.5451658;2.399697
2114.0;2.052218;1.5641633;2.4407074
2115.0;2.0763178;1.5831609;2.4817178
2116.0;2.1004179;1.6021584;2.522728
2117.0;2.1245182;1.621156;2.5637383
2118.0;2.1486182;1.6401535;2.6047487
2119.0;2.1727183;1.6591512;2.645759
2120.0;2.1968184;1.6781487;2.6867692
2121.0;2.218244;1.6950728;2.7271912
2122.0;2.23967;1.7119968;2.7676132
2123.0;2.2610958;1.7289208;2.8080351
2124.0;2.2825215;1.7458448;2.848457
2125.0;2.303947;1.7627687;2.8888788
2126.0;2.3253727;1.7796929;2.9293008
2127.0;2.3467984;1.7966168;2.9697227
2128.0;2.3682241;1.8135408;3.0101445
2129.0;2.3896499;1.8304648;3.0505667
2130.0;2.4110756;1.8473887;3.0909886
2131.0;2.4313023;1.8626043;3.133096
2132.0;2.451529;1.8778197;3.1752036
2133.0;2.4717555;1.8930352;3.2173111
2134.0;2.4919825;1.9082507;3.2594185
2135.0;2.512209;1.9234661;3.3015258
2136.0;2.532436;1.9386814;3.343634
2137.0;2.5526624;1.9538969;3.385741
2138.0;2.5728889;1.9691123;3.4278486
2139.0;2.5931158;1.9843278;3.469956
2140.0;2.6133423;1.9995432;3.5120635
2141.0;2.6323307;2.0126472;3.5551856
2142.0;2.6513188;2.025751;3.5983083
2143.0;2.6703072;2.0388548;3.6414306
2144.0;2.6892953;2.051959;3.6845531
2145.0;2.7082837;2.0650628;3.7276752
2146.0;2.7272718;2.0781665;3.770798
2147.0;2.74626;2.0912704;3.8139203
2148.0;2.7652483;2.1043744;3.8570426
2149.0;2.7842367;2.1174786;3.900165
2150.0;2.8032248;2.1305823;3.9432874
