288.9466;42.3548
289.3283;41.5233
289.9033;41.285
288.6733;41.505
288.59882;41.8071
287.91003;41.36139
286.8183;41.1733
288.04;41.0483
286.2351;40.8103
285.9858;40.7006
285.8583;40.6367
285.9906;40.4669
285.5817;39.355
285.04;38.968334
284.85834;39.933334
284.4267;39.558304
284.88;38.781696
283.9317;38.5733
283.755;39.21333
283.42166;39.26667
283.51843;38.98328
283.54834;38.31667
282.97833;38.87333
284.31415;37.607777
284.01157;37.16519
283.53555;37.996113
283.71;37.6162
283.66998;36.946667
283.88666;36.966667
284.2533;36.183304
284.4517;35.795
283.33002;34.72
282.0467;34.2267
281.0817;33.655
280.075;32.7817
279.0983;32.0333
278.535;30.6717
278.57;30.3967
279.4069;28.4158
279.8382;25.7314
278.1925;26.1317
278.12878;26.6477
277.3731;27.7606
277.168;27.978
276.9683;29.135
275.0183;29.7267
274.33307;30.152277
274.1217;30.2133
272.78882;30.4044
271.925;30.25
270.67422;30.32639
270.04333;29.263334
266.12988;29.7284
265.015;29.6817
265.0817;29.48
265.2067;29.31
262.9533;28.0217
262.7833;27.58
262.785;26.06
241.728;33.72
241.5;34.0083
239.23999;35.1767
238.112;36.605
237.535;37.806694
237.70166;37.771667
237.0233;37.9961
237.96051;38.056
236.29199;38.9133
235.78299;40.7667
235.817;41.745
235.50172;42.73897
235.67801;43.345
235.957;44.625
236.23169;46.20731
236.03308;46.70747
237.6607;47.60264
